fare_id,price,currency_type,payment_method,transfers,transfer_duration
412640,5.50,USD,1,,
412641,4.10,USD,1,,
412642,5.45,USD,1,,
412643,5.90,USD,1,,
412644,5.25,USD,1,,
412645,5.20,USD,1,,
412646,5.00,USD,1,,
412647,4.50,USD,1,,
412648,4.35,USD,1,,
412649,3.75,USD,1,,
412650,3.00,USD,1,,
412651,2.40,USD,1,,
412652,2.40,USD,1,,
412653,4.25,USD,1,,
412654,4.25,USD,1,,
412655,4.25,USD,1,,
412656,4.25,USD,1,,
412657,4.50,USD,1,,
412658,4.60,USD,1,,
412659,4.90,USD,1,,
412660,5.10,USD,1,,
412661,5.25,USD,1,,
412662,9.90,USD,1,,
412663,6.05,USD,1,,
412664,6.90,USD,1,,
412665,7.25,USD,1,,
412666,6.10,USD,1,,
412667,6.90,USD,1,,
412668,5.45,USD,1,,
412669,5.75,USD,1,,
412670,11.50,USD,1,,
412671,6.15,USD,1,,
412672,5.25,USD,1,,
412673,3.55,USD,1,,
412674,3.15,USD,1,,
412675,2.80,USD,1,,
412676,2.40,USD,1,,
412677,2.40,USD,1,,
412678,2.40,USD,1,,
412679,2.40,USD,1,,
412680,2.40,USD,1,,
412681,7.10,USD,1,,
412682,2.40,USD,1,,
412683,2.40,USD,1,,
412684,2.40,USD,1,,
412685,3.10,USD,1,,
412686,3.55,USD,1,,
412687,4.10,USD,1,,
412688,4.45,USD,1,,
412689,5.05,USD,1,,
412690,5.50,USD,1,,
412691,4.10,USD,1,,
412692,5.45,USD,1,,
412693,5.90,USD,1,,
412694,5.25,USD,1,,
412695,5.20,USD,1,,
412696,5.00,USD,1,,
412697,4.50,USD,1,,
412698,4.35,USD,1,,
412699,3.75,USD,1,,
412700,3.00,USD,1,,
412701,2.40,USD,1,,
412702,2.40,USD,1,,
412703,4.25,USD,1,,
412704,4.25,USD,1,,
412705,4.25,USD,1,,
412706,4.25,USD,1,,
412707,4.50,USD,1,,
412708,4.60,USD,1,,
412709,4.90,USD,1,,
412710,5.10,USD,1,,
412711,5.25,USD,1,,
412712,9.90,USD,1,,
412713,6.05,USD,1,,
412714,6.90,USD,1,,
412715,7.25,USD,1,,
412716,6.10,USD,1,,
412717,6.90,USD,1,,
412718,5.45,USD,1,,
412719,5.75,USD,1,,
412720,11.50,USD,1,,
412721,6.15,USD,1,,
412722,5.25,USD,1,,
412723,3.55,USD,1,,
412724,3.15,USD,1,,
412725,2.80,USD,1,,
412726,2.40,USD,1,,
412727,2.40,USD,1,,
412728,2.40,USD,1,,
412729,2.40,USD,1,,
412730,2.40,USD,1,,
412731,2.40,USD,1,,
412732,7.10,USD,1,,
412733,2.40,USD,1,,
412734,2.40,USD,1,,
412735,3.10,USD,1,,
412736,3.55,USD,1,,
412737,4.10,USD,1,,
412738,4.45,USD,1,,
412739,5.05,USD,1,,
412740,5.50,USD,1,,
412741,4.10,USD,1,,
412742,5.45,USD,1,,
412743,5.90,USD,1,,
412744,5.25,USD,1,,
412745,5.20,USD,1,,
412746,5.00,USD,1,,
412747,4.50,USD,1,,
412748,4.35,USD,1,,
412749,3.75,USD,1,,
412750,3.00,USD,1,,
412751,2.40,USD,1,,
412752,2.40,USD,1,,
412753,4.25,USD,1,,
412754,4.25,USD,1,,
412755,4.25,USD,1,,
412756,4.25,USD,1,,
412757,4.50,USD,1,,
412758,4.60,USD,1,,
412759,4.90,USD,1,,
412760,5.10,USD,1,,
412761,5.25,USD,1,,
412762,9.90,USD,1,,
412763,6.05,USD,1,,
412764,6.90,USD,1,,
412765,7.25,USD,1,,
412766,6.10,USD,1,,
412767,6.90,USD,1,,
412768,5.80,USD,1,,
412769,6.10,USD,1,,
412770,11.85,USD,1,,
412771,6.50,USD,1,,
412772,4.95,USD,1,,
412773,3.95,USD,1,,
412774,3.70,USD,1,,
412775,3.40,USD,1,,
412776,3.00,USD,1,,
412777,2.85,USD,1,,
412778,2.65,USD,1,,
412779,2.40,USD,1,,
412780,2.40,USD,1,,
412781,2.40,USD,1,,
412782,2.40,USD,1,,
412783,7.10,USD,1,,
412784,2.40,USD,1,,
412785,2.40,USD,1,,
412786,3.00,USD,1,,
412787,3.55,USD,1,,
412788,4.10,USD,1,,
412789,4.75,USD,1,,
412790,5.15,USD,1,,
412791,3.55,USD,1,,
412792,5.15,USD,1,,
412793,6.10,USD,1,,
412794,5.45,USD,1,,
412795,5.55,USD,1,,
412796,5.20,USD,1,,
412797,4.70,USD,1,,
412798,4.50,USD,1,,
412799,4.05,USD,1,,
412800,3.40,USD,1,,
412801,2.45,USD,1,,
412802,2.40,USD,1,,
412803,4.80,USD,1,,
412804,4.80,USD,1,,
412805,4.80,USD,1,,
412806,4.80,USD,1,,
412807,5.05,USD,1,,
412808,5.15,USD,1,,
412809,5.30,USD,1,,
412810,5.40,USD,1,,
412811,5.60,USD,1,,
412812,9.90,USD,1,,
412813,5.70,USD,1,,
412814,6.60,USD,1,,
412815,6.90,USD,1,,
412816,6.30,USD,1,,
412817,7.10,USD,1,,
412818,6.00,USD,1,,
412819,6.35,USD,1,,
412820,12.10,USD,1,,
412821,6.75,USD,1,,
412822,4.70,USD,1,,
412823,4.25,USD,1,,
412824,3.95,USD,1,,
412825,3.75,USD,1,,
412826,3.40,USD,1,,
412827,3.20,USD,1,,
412828,3.05,USD,1,,
412829,2.75,USD,1,,
412830,2.40,USD,1,,
412831,2.40,USD,1,,
412832,2.40,USD,1,,
412833,2.40,USD,1,,
412834,7.10,USD,1,,
412835,2.40,USD,1,,
412836,2.40,USD,1,,
412837,3.15,USD,1,,
412838,3.75,USD,1,,
412839,4.50,USD,1,,
412840,4.95,USD,1,,
412841,3.15,USD,1,,
412842,4.90,USD,1,,
412843,6.35,USD,1,,
412844,5.70,USD,1,,
412845,5.80,USD,1,,
412846,5.45,USD,1,,
412847,4.95,USD,1,,
412848,4.75,USD,1,,
412849,4.30,USD,1,,
412850,3.85,USD,1,,
412851,2.85,USD,1,,
412852,2.70,USD,1,,
412853,5.20,USD,1,,
412854,5.20,USD,1,,
412855,5.20,USD,1,,
412856,5.20,USD,1,,
412857,5.35,USD,1,,
412858,5.40,USD,1,,
412859,5.55,USD,1,,
412860,5.65,USD,1,,
412861,5.80,USD,1,,
412862,7.45,USD,1,,
412863,5.45,USD,1,,
412864,6.35,USD,1,,
412865,6.65,USD,1,,
412866,6.55,USD,1,,
412867,7.30,USD,1,,
412868,6.35,USD,1,,
412869,6.70,USD,1,,
412870,12.45,USD,1,,
412871,7.10,USD,1,,
412872,4.35,USD,1,,
412873,4.60,USD,1,,
412874,4.35,USD,1,,
412875,4.15,USD,1,,
412876,3.90,USD,1,,
412877,3.80,USD,1,,
412878,3.60,USD,1,,
412879,3.35,USD,1,,
412880,3.10,USD,1,,
412881,3.10,USD,1,,
412882,3.10,USD,1,,
412883,2.40,USD,1,,
412884,2.40,USD,1,,
412885,7.10,USD,1,,
412886,2.40,USD,1,,
412887,2.40,USD,1,,
412888,3.15,USD,1,,
412889,4.05,USD,1,,
412890,4.55,USD,1,,
412891,2.40,USD,1,,
412892,4.55,USD,1,,
412893,6.70,USD,1,,
412894,6.05,USD,1,,
412895,6.15,USD,1,,
412896,5.80,USD,1,,
412897,5.30,USD,1,,
412898,5.10,USD,1,,
412899,4.70,USD,1,,
412900,4.20,USD,1,,
412901,3.40,USD,1,,
412902,3.30,USD,1,,
412903,5.60,USD,1,,
412904,5.60,USD,1,,
412905,5.60,USD,1,,
412906,5.60,USD,1,,
412907,5.70,USD,1,,
412908,5.75,USD,1,,
412909,5.95,USD,1,,
412910,6.05,USD,1,,
412911,6.15,USD,1,,
412912,9.90,USD,1,,
412913,5.10,USD,1,,
412914,6.00,USD,1,,
412915,6.30,USD,1,,
412916,6.90,USD,1,,
412917,7.70,USD,1,,
412918,6.65,USD,1,,
412919,7.00,USD,1,,
412920,12.75,USD,1,,
412921,7.40,USD,1,,
412922,2.40,USD,1,,
412923,4.90,USD,1,,
412924,4.60,USD,1,,
412925,4.40,USD,1,,
412926,4.20,USD,1,,
412927,4.15,USD,1,,
412928,4.00,USD,1,,
412929,3.80,USD,1,,
412930,3.55,USD,1,,
412931,3.55,USD,1,,
412932,3.55,USD,1,,
412933,3.00,USD,1,,
412934,2.40,USD,1,,
412935,2.40,USD,1,,
412936,7.10,USD,1,,
412937,2.40,USD,1,,
412938,2.40,USD,1,,
412939,2.40,USD,1,,
412940,2.40,USD,1,,
412941,2.40,USD,1,,
412942,2.40,USD,1,,
412943,7.00,USD,1,,
412944,6.35,USD,1,,
412945,6.45,USD,1,,
412946,6.10,USD,1,,
412947,5.60,USD,1,,
412948,5.40,USD,1,,
412949,4.95,USD,1,,
412950,4.50,USD,1,,
412951,3.80,USD,1,,
412952,3.75,USD,1,,
412953,5.90,USD,1,,
412954,5.90,USD,1,,
412955,5.90,USD,1,,
412956,5.90,USD,1,,
412957,6.00,USD,1,,
412958,6.05,USD,1,,
412959,6.25,USD,1,,
412960,6.30,USD,1,,
412961,6.45,USD,1,,
412962,9.90,USD,1,,
412963,4.80,USD,1,,
412964,5.70,USD,1,,
412965,6.00,USD,1,,
412966,7.20,USD,1,,
412967,7.95,USD,1,,
412968,7.00,USD,1,,
412969,7.35,USD,1,,
412970,13.10,USD,1,,
412971,7.75,USD,1,,
412972,4.40,USD,1,,
412973,5.20,USD,1,,
412974,5.00,USD,1,,
412975,4.80,USD,1,,
412976,4.55,USD,1,,
412977,4.45,USD,1,,
412978,4.35,USD,1,,
412979,4.20,USD,1,,
412980,4.10,USD,1,,
412981,4.10,USD,1,,
412982,4.10,USD,1,,
412983,3.55,USD,1,,
412984,3.15,USD,1,,
412985,2.40,USD,1,,
412986,2.40,USD,1,,
412987,7.10,USD,1,,
412988,2.40,USD,1,,
412989,2.40,USD,1,,
412990,2.40,USD,1,,
412991,2.40,USD,1,,
412992,4.60,USD,1,,
412993,7.35,USD,1,,
412994,6.70,USD,1,,
412995,6.80,USD,1,,
412996,6.45,USD,1,,
412997,5.95,USD,1,,
412998,5.75,USD,1,,
412999,5.30,USD,1,,
413000,4.85,USD,1,,
413001,4.20,USD,1,,
413002,4.20,USD,1,,
413003,6.25,USD,1,,
413004,6.25,USD,1,,
413005,6.25,USD,1,,
413006,6.25,USD,1,,
413007,6.35,USD,1,,
413008,6.40,USD,1,,
413009,6.55,USD,1,,
413010,6.65,USD,1,,
413011,6.80,USD,1,,
413012,10.65,USD,1,,
413013,4.45,USD,1,,
413014,5.35,USD,1,,
413015,5.65,USD,1,,
413016,7.55,USD,1,,
413017,8.30,USD,1,,
413018,7.40,USD,1,,
413019,7.70,USD,1,,
413020,13.45,USD,1,,
413021,8.10,USD,1,,
413022,4.75,USD,1,,
413023,5.60,USD,1,,
413024,5.35,USD,1,,
413025,5.15,USD,1,,
413026,4.90,USD,1,,
413027,4.85,USD,1,,
413028,4.75,USD,1,,
413029,4.55,USD,1,,
413030,4.45,USD,1,,
413031,4.45,USD,1,,
413032,4.45,USD,1,,
413033,4.10,USD,1,,
413034,3.75,USD,1,,
413035,3.15,USD,1,,
413036,2.40,USD,1,,
413037,2.40,USD,1,,
413038,7.10,USD,1,,
413039,2.40,USD,1,,
413040,2.40,USD,1,,
413041,3.25,USD,1,,
413042,4.95,USD,1,,
413043,7.70,USD,1,,
413044,7.05,USD,1,,
413045,7.15,USD,1,,
413046,6.80,USD,1,,
413047,6.30,USD,1,,
413048,6.15,USD,1,,
413049,5.70,USD,1,,
413050,5.20,USD,1,,
413051,4.55,USD,1,,
413052,4.60,USD,1,,
413053,6.60,USD,1,,
413054,6.60,USD,1,,
413055,6.60,USD,1,,
413056,6.60,USD,1,,
413057,6.70,USD,1,,
413058,6.75,USD,1,,
413059,6.95,USD,1,,
413060,7.00,USD,1,,
413061,7.20,USD,1,,
413062,11.20,USD,1,,
413063,2.40,USD,1,,
413064,5.00,USD,1,,
413065,5.30,USD,1,,
413066,7.90,USD,1,,
413067,8.70,USD,1,,
413068,8.00,USD,1,,
413069,8.30,USD,1,,
413070,14.05,USD,1,,
413071,8.70,USD,1,,
413072,5.35,USD,1,,
413073,6.20,USD,1,,
413074,5.95,USD,1,,
413075,5.75,USD,1,,
413076,5.50,USD,1,,
413077,5.45,USD,1,,
413078,5.35,USD,1,,
412018,7.10,USD,1,,
412019,4.00,USD,1,,
413079,5.20,USD,1,,
413080,5.05,USD,1,,
413081,5.05,USD,1,,
413082,5.05,USD,1,,
413083,4.75,USD,1,,
413084,4.50,USD,1,,
413085,4.05,USD,1,,
413086,2.40,USD,1,,
413087,2.40,USD,1,,
413088,2.40,USD,1,,
413089,7.10,USD,1,,
413090,2.40,USD,1,,
413091,4.15,USD,1,,
413092,5.55,USD,1,,
413093,8.30,USD,1,,
413094,7.65,USD,1,,
413095,7.75,USD,1,,
413096,7.45,USD,1,,
413097,6.90,USD,1,,
413098,6.75,USD,1,,
413099,6.30,USD,1,,
413100,5.80,USD,1,,
413101,5.20,USD,1,,
413102,5.20,USD,1,,
413103,7.20,USD,1,,
413104,7.20,USD,1,,
413105,7.20,USD,1,,
413106,7.20,USD,1,,
413107,7.30,USD,1,,
413108,7.35,USD,1,,
413109,7.55,USD,1,,
413110,7.65,USD,1,,
413111,7.80,USD,1,,
413112,12.00,USD,1,,
413113,2.40,USD,1,,
413114,4.40,USD,1,,
413115,4.70,USD,1,,
413116,8.50,USD,1,,
413117,9.30,USD,1,,
413118,8.40,USD,1,,
413119,8.75,USD,1,,
413120,14.50,USD,1,,
413121,9.15,USD,1,,
413122,5.80,USD,1,,
413123,6.65,USD,1,,
413124,6.40,USD,1,,
413125,6.15,USD,1,,
413126,5.95,USD,1,,
413127,5.85,USD,1,,
413128,5.75,USD,1,,
413129,5.60,USD,1,,
413130,5.50,USD,1,,
413131,5.50,USD,1,,
413132,5.50,USD,1,,
413133,5.15,USD,1,,
413134,4.95,USD,1,,
413135,4.55,USD,1,,
413136,2.40,USD,1,,
413137,2.40,USD,1,,
413138,2.40,USD,1,,
413139,2.40,USD,1,,
413140,7.10,USD,1,,
413141,4.60,USD,1,,
413142,6.00,USD,1,,
413143,8.75,USD,1,,
413144,8.10,USD,1,,
413145,8.20,USD,1,,
413146,7.85,USD,1,,
413147,7.35,USD,1,,
413148,7.15,USD,1,,
413149,6.70,USD,1,,
413150,6.25,USD,1,,
413151,5.60,USD,1,,
413152,5.60,USD,1,,
413153,7.65,USD,1,,
413154,7.65,USD,1,,
413155,7.65,USD,1,,
413156,7.65,USD,1,,
413157,7.70,USD,1,,
413158,7.80,USD,1,,
413159,7.95,USD,1,,
413160,8.05,USD,1,,
413161,8.20,USD,1,,
413162,12.40,USD,1,,
413163,2.40,USD,1,,
413164,3.80,USD,1,,
413165,4.25,USD,1,,
413166,8.95,USD,1,,
413167,9.70,USD,1,,
413168,7.00,USD,1,,
413169,7.35,USD,1,,
413170,13.10,USD,1,,
413171,7.75,USD,1,,
413172,2.40,USD,1,,
413173,5.25,USD,1,,
413174,4.95,USD,1,,
413175,4.75,USD,1,,
413176,4.55,USD,1,,
413177,4.50,USD,1,,
413178,4.35,USD,1,,
413179,4.20,USD,1,,
413180,4.10,USD,1,,
413181,4.10,USD,1,,
413182,4.10,USD,1,,
413183,3.55,USD,1,,
413184,3.15,USD,1,,
413185,2.40,USD,1,,
413186,2.40,USD,1,,
413187,2.40,USD,1,,
413188,3.25,USD,1,,
413189,4.15,USD,1,,
413190,4.60,USD,1,,
413191,7.10,USD,1,,
413192,2.40,USD,1,,
413193,7.35,USD,1,,
413194,6.70,USD,1,,
413195,6.80,USD,1,,
413196,6.45,USD,1,,
412020,9.50,USD,1,,
412021,4.00,USD,1,,
412022,8.20,USD,1,,
412023,6.60,USD,1,,
413197,5.95,USD,1,,
413198,5.75,USD,1,,
413199,5.30,USD,1,,
413200,4.85,USD,1,,
413201,4.20,USD,1,,
413202,4.20,USD,1,,
413203,6.25,USD,1,,
413204,6.25,USD,1,,
413205,6.25,USD,1,,
413206,6.25,USD,1,,
413207,6.30,USD,1,,
413208,6.40,USD,1,,
413209,6.60,USD,1,,
413210,6.65,USD,1,,
413211,6.80,USD,1,,
413212,10.65,USD,1,,
413213,5.15,USD,1,,
413214,6.05,USD,1,,
413215,6.35,USD,1,,
413216,7.55,USD,1,,
413217,8.30,USD,1,,
413218,8.40,USD,1,,
413219,8.70,USD,1,,
413220,14.45,USD,1,,
413221,9.10,USD,1,,
413222,2.40,USD,1,,
413223,6.60,USD,1,,
413224,6.35,USD,1,,
413225,6.15,USD,1,,
413226,5.90,USD,1,,
413227,5.85,USD,1,,
413228,5.75,USD,1,,
413229,5.60,USD,1,,
413230,5.45,USD,1,,
413231,5.45,USD,1,,
413232,5.45,USD,1,,
413233,5.15,USD,1,,
413234,4.90,USD,1,,
413235,4.55,USD,1,,
413236,2.40,USD,1,,
413237,4.60,USD,1,,
413238,4.95,USD,1,,
413239,5.55,USD,1,,
413240,6.00,USD,1,,
413241,2.40,USD,1,,
413242,7.10,USD,1,,
413243,8.70,USD,1,,
413244,8.05,USD,1,,
413245,8.15,USD,1,,
413246,7.80,USD,1,,
413247,7.30,USD,1,,
413248,7.15,USD,1,,
413249,6.70,USD,1,,
413250,6.20,USD,1,,
413251,5.60,USD,1,,
413252,5.60,USD,1,,
413253,7.60,USD,1,,
413254,7.60,USD,1,,
413255,7.60,USD,1,,
413256,7.60,USD,1,,
413257,7.70,USD,1,,
413258,7.75,USD,1,,
413259,7.95,USD,1,,
413260,8.05,USD,1,,
413261,8.20,USD,1,,
413262,12.35,USD,1,,
413263,6.55,USD,1,,
413264,7.40,USD,1,,
413265,7.70,USD,1,,
413266,8.90,USD,1,,
413267,9.70,USD,1,,
413268,8.90,USD,1,,
413269,9.20,USD,1,,
413270,14.95,USD,1,,
413271,9.60,USD,1,,
413272,8.50,USD,1,,
413273,6.65,USD,1,,
413274,6.40,USD,1,,
413275,6.20,USD,1,,
413276,6.00,USD,1,,
413277,5.90,USD,1,,
413278,5.85,USD,1,,
413279,5.85,USD,1,,
413280,5.90,USD,1,,
413281,5.90,USD,1,,
413282,5.90,USD,1,,
413283,6.10,USD,1,,
413284,6.35,USD,1,,
413285,6.70,USD,1,,
413286,7.00,USD,1,,
413287,7.35,USD,1,,
413288,7.70,USD,1,,
413289,8.30,USD,1,,
413290,8.75,USD,1,,
413291,7.35,USD,1,,
413292,8.70,USD,1,,
413293,7.10,USD,1,,
413294,2.40,USD,1,,
413295,8.65,USD,1,,
413296,2.40,USD,1,,
413297,2.40,USD,1,,
413298,2.40,USD,1,,
413299,4.55,USD,1,,
413300,5.05,USD,1,,
413301,5.70,USD,1,,
413302,6.10,USD,1,,
413303,8.10,USD,1,,
413304,8.10,USD,1,,
413305,8.10,USD,1,,
413306,8.10,USD,1,,
413307,8.20,USD,1,,
413308,8.25,USD,1,,
413309,8.45,USD,1,,
413310,8.55,USD,1,,
413311,8.70,USD,1,,
413312,13.80,USD,1,,
413313,9.25,USD,1,,
413314,10.15,USD,1,,
413315,10.45,USD,1,,
413316,2.40,USD,1,,
413317,2.40,USD,1,,
413318,8.25,USD,1,,
413319,8.60,USD,1,,
413320,14.35,USD,1,,
413321,9.00,USD,1,,
413322,7.85,USD,1,,
413323,6.05,USD,1,,
413324,5.80,USD,1,,
413325,5.60,USD,1,,
413326,5.35,USD,1,,
413327,5.30,USD,1,,
413328,5.25,USD,1,,
413329,5.25,USD,1,,
413330,5.25,USD,1,,
413331,5.25,USD,1,,
413332,5.25,USD,1,,
413333,5.45,USD,1,,
413334,5.70,USD,1,,
413335,6.05,USD,1,,
413336,6.35,USD,1,,
413337,6.70,USD,1,,
413338,7.05,USD,1,,
413339,7.65,USD,1,,
413340,8.10,USD,1,,
413341,6.70,USD,1,,
413342,8.05,USD,1,,
413343,2.40,USD,1,,
413344,7.10,USD,1,,
413345,8.05,USD,1,,
413346,2.40,USD,1,,
413347,2.40,USD,1,,
413348,2.40,USD,1,,
413349,3.75,USD,1,,
413350,4.40,USD,1,,
413351,5.05,USD,1,,
413352,5.45,USD,1,,
413353,7.45,USD,1,,
413354,7.45,USD,1,,
413355,7.45,USD,1,,
413356,7.45,USD,1,,
413357,7.55,USD,1,,
413358,7.65,USD,1,,
413359,7.80,USD,1,,
413360,7.90,USD,1,,
413361,8.05,USD,1,,
413362,13.15,USD,1,,
413363,8.65,USD,1,,
413364,9.50,USD,1,,
413365,9.85,USD,1,,
413366,2.40,USD,1,,
413367,4.20,USD,1,,
413368,4.00,USD,1,,
413369,4.00,USD,1,,
413370,9.90,USD,1,,
413371,4.65,USD,1,,
413372,7.95,USD,1,,
413373,6.35,USD,1,,
413374,6.10,USD,1,,
413375,5.90,USD,1,,
413376,5.65,USD,1,,
413377,5.60,USD,1,,
413378,5.45,USD,1,,
413379,5.30,USD,1,,
413380,5.20,USD,1,,
413381,5.20,USD,1,,
413382,5.20,USD,1,,
413383,5.55,USD,1,,
413384,5.80,USD,1,,
413385,6.15,USD,1,,
413386,6.45,USD,1,,
413387,6.80,USD,1,,
413388,7.15,USD,1,,
413389,7.75,USD,1,,
413390,8.20,USD,1,,
413391,6.80,USD,1,,
413392,8.15,USD,1,,
413393,8.65,USD,1,,
413394,8.05,USD,1,,
413395,7.10,USD,1,,
413396,7.80,USD,1,,
413397,7.25,USD,1,,
413398,7.10,USD,1,,
413399,6.65,USD,1,,
413400,6.15,USD,1,,
413401,5.50,USD,1,,
413402,5.10,USD,1,,
413403,4.50,USD,1,,
413404,4.50,USD,1,,
413405,4.50,USD,1,,
413406,4.50,USD,1,,
413407,4.30,USD,1,,
413408,4.15,USD,1,,
413409,4.00,USD,1,,
413410,4.00,USD,1,,
413411,4.00,USD,1,,
413412,13.25,USD,1,,
413413,8.70,USD,1,,
413414,9.60,USD,1,,
413415,9.90,USD,1,,
413416,8.85,USD,1,,
413417,9.65,USD,1,,
413418,8.00,USD,1,,
413419,8.35,USD,1,,
413420,14.10,USD,1,,
413421,8.75,USD,1,,
413422,7.60,USD,1,,
413423,5.80,USD,1,,
413424,5.55,USD,1,,
413425,5.35,USD,1,,
413426,5.10,USD,1,,
413427,5.05,USD,1,,
413428,5.00,USD,1,,
413429,5.00,USD,1,,
413430,5.00,USD,1,,
413431,5.00,USD,1,,
413432,5.00,USD,1,,
413433,5.20,USD,1,,
413434,5.45,USD,1,,
413435,5.80,USD,1,,
413436,6.10,USD,1,,
413437,6.45,USD,1,,
413438,6.80,USD,1,,
413439,7.45,USD,1,,
413440,7.85,USD,1,,
413441,6.45,USD,1,,
413442,7.80,USD,1,,
413443,2.40,USD,1,,
413444,2.40,USD,1,,
413445,7.80,USD,1,,
413446,7.10,USD,1,,
413447,2.40,USD,1,,
413448,2.40,USD,1,,
413449,2.40,USD,1,,
413450,2.40,USD,1,,
413451,4.80,USD,1,,
413452,5.20,USD,1,,
413453,7.20,USD,1,,
413454,7.20,USD,1,,
413455,7.20,USD,1,,
413456,7.20,USD,1,,
413457,7.30,USD,1,,
413458,7.40,USD,1,,
413459,7.55,USD,1,,
413460,7.65,USD,1,,
413461,7.80,USD,1,,
413462,12.90,USD,1,,
413463,8.40,USD,1,,
413464,9.25,USD,1,,
413465,9.60,USD,1,,
413466,2.40,USD,1,,
413467,4.40,USD,1,,
413468,7.50,USD,1,,
413469,7.80,USD,1,,
413470,13.55,USD,1,,
413471,8.25,USD,1,,
413472,7.10,USD,1,,
413473,5.30,USD,1,,
413474,5.05,USD,1,,
413475,4.85,USD,1,,
413476,4.60,USD,1,,
413477,4.50,USD,1,,
413478,4.50,USD,1,,
413479,4.50,USD,1,,
413480,4.50,USD,1,,
413481,4.50,USD,1,,
413482,4.50,USD,1,,
413483,4.70,USD,1,,
413484,4.95,USD,1,,
413485,5.30,USD,1,,
413486,5.60,USD,1,,
413487,5.95,USD,1,,
413488,6.30,USD,1,,
413489,6.90,USD,1,,
413490,7.35,USD,1,,
413491,5.95,USD,1,,
413492,7.30,USD,1,,
413493,2.40,USD,1,,
413494,2.40,USD,1,,
413495,7.25,USD,1,,
413496,2.40,USD,1,,
413497,7.10,USD,1,,
413498,2.40,USD,1,,
413499,2.40,USD,1,,
413500,2.40,USD,1,,
413501,4.30,USD,1,,
413502,4.70,USD,1,,
413503,6.75,USD,1,,
413504,6.75,USD,1,,
413505,6.75,USD,1,,
413506,6.75,USD,1,,
413507,6.80,USD,1,,
413508,6.90,USD,1,,
413509,7.05,USD,1,,
413510,7.15,USD,1,,
413511,7.30,USD,1,,
413512,12.40,USD,1,,
413513,7.85,USD,1,,
413514,8.75,USD,1,,
413515,9.05,USD,1,,
413516,4.15,USD,1,,
413517,4.90,USD,1,,
413518,7.30,USD,1,,
413519,7.65,USD,1,,
413520,13.40,USD,1,,
413521,8.05,USD,1,,
413522,6.90,USD,1,,
413523,5.10,USD,1,,
413524,4.85,USD,1,,
413525,4.65,USD,1,,
413526,4.40,USD,1,,
413527,4.35,USD,1,,
413528,4.25,USD,1,,
413529,4.25,USD,1,,
413530,4.35,USD,1,,
413531,4.35,USD,1,,
413532,4.35,USD,1,,
413533,4.50,USD,1,,
413534,4.75,USD,1,,
413535,5.10,USD,1,,
413536,5.40,USD,1,,
413537,5.75,USD,1,,
413538,6.15,USD,1,,
413539,6.75,USD,1,,
413540,7.15,USD,1,,
413541,5.75,USD,1,,
413542,7.15,USD,1,,
413543,2.40,USD,1,,
413544,2.40,USD,1,,
413545,7.10,USD,1,,
413546,2.40,USD,1,,
413547,2.40,USD,1,,
413548,7.10,USD,1,,
413549,2.40,USD,1,,
413550,2.40,USD,1,,
413551,4.00,USD,1,,
413552,4.50,USD,1,,
413553,6.55,USD,1,,
413554,6.55,USD,1,,
413555,6.55,USD,1,,
413556,6.55,USD,1,,
413557,6.60,USD,1,,
413558,6.70,USD,1,,
413559,6.85,USD,1,,
413560,6.95,USD,1,,
413561,7.10,USD,1,,
413562,12.25,USD,1,,
413563,7.70,USD,1,,
413564,8.60,USD,1,,
413565,8.90,USD,1,,
413566,4.30,USD,1,,
413567,5.10,USD,1,,
413568,6.85,USD,1,,
413569,7.20,USD,1,,
413570,12.95,USD,1,,
413571,7.60,USD,1,,
413572,6.50,USD,1,,
413573,4.65,USD,1,,
413574,4.40,USD,1,,
413575,4.20,USD,1,,
413576,3.95,USD,1,,
413577,3.85,USD,1,,
413578,3.65,USD,1,,
413579,3.55,USD,1,,
413580,3.75,USD,1,,
413581,3.75,USD,1,,
413582,3.75,USD,1,,
413583,4.05,USD,1,,
413584,4.30,USD,1,,
413585,4.70,USD,1,,
413586,4.95,USD,1,,
413587,5.30,USD,1,,
413588,5.70,USD,1,,
413589,6.30,USD,1,,
413590,6.70,USD,1,,
413591,5.30,USD,1,,
413592,6.70,USD,1,,
413593,4.55,USD,1,,
413594,3.75,USD,1,,
413595,6.65,USD,1,,
413596,2.40,USD,1,,
413597,2.40,USD,1,,
413598,2.40,USD,1,,
413599,7.10,USD,1,,
413600,2.40,USD,1,,
413601,3.30,USD,1,,
413602,4.05,USD,1,,
413603,6.10,USD,1,,
413604,6.10,USD,1,,
413605,6.10,USD,1,,
413606,6.10,USD,1,,
413607,6.20,USD,1,,
413608,6.25,USD,1,,
413609,6.45,USD,1,,
413610,6.50,USD,1,,
413611,6.65,USD,1,,
413612,11.80,USD,1,,
413613,7.25,USD,1,,
413614,8.15,USD,1,,
413615,8.45,USD,1,,
413616,4.75,USD,1,,
413617,5.55,USD,1,,
413618,6.40,USD,1,,
413619,6.70,USD,1,,
413620,12.45,USD,1,,
413621,7.15,USD,1,,
413622,6.00,USD,1,,
413623,4.15,USD,1,,
413624,3.95,USD,1,,
413625,3.65,USD,1,,
413626,3.25,USD,1,,
413627,3.10,USD,1,,
413628,2.90,USD,1,,
413629,2.40,USD,1,,
413630,3.00,USD,1,,
413631,3.00,USD,1,,
413632,3.00,USD,1,,
413633,3.40,USD,1,,
413634,3.85,USD,1,,
413635,4.20,USD,1,,
413636,4.50,USD,1,,
413637,4.85,USD,1,,
413638,5.20,USD,1,,
413639,5.80,USD,1,,
413640,6.25,USD,1,,
413641,4.85,USD,1,,
413642,6.20,USD,1,,
413643,5.05,USD,1,,
413644,4.40,USD,1,,
413645,6.15,USD,1,,
413646,2.40,USD,1,,
413647,2.40,USD,1,,
413648,2.40,USD,1,,
413649,2.40,USD,1,,
413650,7.10,USD,1,,
413651,2.40,USD,1,,
413652,3.30,USD,1,,
413653,5.60,USD,1,,
413654,5.60,USD,1,,
413655,5.60,USD,1,,
413656,5.60,USD,1,,
413657,5.70,USD,1,,
413658,5.80,USD,1,,
413659,5.95,USD,1,,
413660,6.05,USD,1,,
413661,6.20,USD,1,,
413662,11.30,USD,1,,
413663,6.75,USD,1,,
413664,7.65,USD,1,,
413665,7.95,USD,1,,
413666,5.25,USD,1,,
413667,6.00,USD,1,,
413668,5.70,USD,1,,
413669,6.05,USD,1,,
413670,11.80,USD,1,,
413671,6.45,USD,1,,
413672,5.35,USD,1,,
413673,3.35,USD,1,,
413674,2.95,USD,1,,
413675,2.65,USD,1,,
413676,2.40,USD,1,,
413677,2.40,USD,1,,
413678,2.40,USD,1,,
413679,2.40,USD,1,,
413680,2.40,USD,1,,
413681,2.40,USD,1,,
413682,2.40,USD,1,,
413683,2.45,USD,1,,
413684,2.85,USD,1,,
413685,3.40,USD,1,,
413686,3.80,USD,1,,
413687,4.20,USD,1,,
413688,4.55,USD,1,,
413689,5.20,USD,1,,
413690,5.60,USD,1,,
413691,4.20,USD,1,,
413692,5.60,USD,1,,
413693,5.70,USD,1,,
413694,5.05,USD,1,,
413695,5.50,USD,1,,
413696,4.80,USD,1,,
413697,4.30,USD,1,,
413698,4.00,USD,1,,
413699,3.30,USD,1,,
413700,2.40,USD,1,,
413701,7.10,USD,1,,
413702,2.40,USD,1,,
413703,4.80,USD,1,,
413704,4.80,USD,1,,
413705,4.80,USD,1,,
413706,4.80,USD,1,,
413707,5.00,USD,1,,
413708,5.10,USD,1,,
413709,5.25,USD,1,,
413710,5.35,USD,1,,
413711,5.50,USD,1,,
413712,10.30,USD,1,,
413713,6.15,USD,1,,
413714,7.05,USD,1,,
413715,7.35,USD,1,,
413716,5.90,USD,1,,
413717,6.70,USD,1,,
413718,5.35,USD,1,,
413719,5.65,USD,1,,
413720,11.40,USD,1,,
413721,6.05,USD,1,,
413722,5.40,USD,1,,
413723,3.75,USD,1,,
413724,3.35,USD,1,,
413725,3.05,USD,1,,
413726,2.65,USD,1,,
413727,2.50,USD,1,,
413728,2.40,USD,1,,
413729,2.40,USD,1,,
413730,2.40,USD,1,,
413731,2.40,USD,1,,
413732,2.40,USD,1,,
413733,2.40,USD,1,,
413734,2.70,USD,1,,
413735,3.30,USD,1,,
413736,3.75,USD,1,,
413737,4.20,USD,1,,
413738,4.60,USD,1,,
413739,5.20,USD,1,,
413740,5.60,USD,1,,
413741,4.20,USD,1,,
413742,5.60,USD,1,,
413743,6.10,USD,1,,
413744,5.45,USD,1,,
413745,5.10,USD,1,,
413746,5.20,USD,1,,
413747,4.70,USD,1,,
413748,4.50,USD,1,,
413749,4.05,USD,1,,
413750,3.30,USD,1,,
413751,2.40,USD,1,,
413752,7.10,USD,1,,
413753,3.95,USD,1,,
413754,3.95,USD,1,,
413755,3.95,USD,1,,
413756,3.95,USD,1,,
413757,4.30,USD,1,,
413758,4.40,USD,1,,
413759,4.70,USD,1,,
413760,4.90,USD,1,,
413761,5.15,USD,1,,
413762,10.15,USD,1,,
413763,6.15,USD,1,,
413764,7.05,USD,1,,
413765,7.35,USD,1,,
413766,6.25,USD,1,,
413767,7.05,USD,1,,
413768,4.85,USD,1,,
413769,5.35,USD,1,,
413770,11.15,USD,1,,
413771,5.80,USD,1,,
413772,7.40,USD,1,,
413773,5.80,USD,1,,
413774,5.55,USD,1,,
413775,5.35,USD,1,,
413776,5.10,USD,1,,
413777,5.00,USD,1,,
413778,4.80,USD,1,,
413779,4.50,USD,1,,
413780,4.25,USD,1,,
413781,4.25,USD,1,,
413782,4.25,USD,1,,
413783,4.80,USD,1,,
413784,5.20,USD,1,,
413785,5.60,USD,1,,
413786,5.90,USD,1,,
413787,6.25,USD,1,,
413788,6.60,USD,1,,
413789,7.20,USD,1,,
413790,7.65,USD,1,,
413791,6.25,USD,1,,
413792,7.60,USD,1,,
413793,8.10,USD,1,,
413794,7.45,USD,1,,
413795,4.50,USD,1,,
413796,7.20,USD,1,,
413797,6.75,USD,1,,
413798,6.55,USD,1,,
413799,6.10,USD,1,,
413800,5.60,USD,1,,
413801,4.80,USD,1,,
413802,3.95,USD,1,,
413803,7.10,USD,1,,
413804,2.40,USD,1,,
413805,2.40,USD,1,,
413806,2.40,USD,1,,
413807,2.40,USD,1,,
413808,2.40,USD,1,,
413809,2.40,USD,1,,
413810,2.40,USD,1,,
413811,4.05,USD,1,,
413812,12.65,USD,1,,
413813,8.15,USD,1,,
413814,9.05,USD,1,,
413815,9.35,USD,1,,
413816,8.30,USD,1,,
413817,9.10,USD,1,,
413818,4.85,USD,1,,
413819,5.35,USD,1,,
413820,11.15,USD,1,,
413821,5.80,USD,1,,
413822,7.40,USD,1,,
413823,5.80,USD,1,,
413824,5.55,USD,1,,
413825,5.35,USD,1,,
413826,5.10,USD,1,,
413827,5.00,USD,1,,
413828,4.80,USD,1,,
413829,4.50,USD,1,,
413830,4.25,USD,1,,
413831,4.25,USD,1,,
413832,4.25,USD,1,,
413833,4.80,USD,1,,
413834,5.20,USD,1,,
413835,5.60,USD,1,,
413836,5.90,USD,1,,
413837,6.25,USD,1,,
413838,6.60,USD,1,,
413839,7.20,USD,1,,
413840,7.65,USD,1,,
413841,6.25,USD,1,,
413842,7.60,USD,1,,
413843,8.10,USD,1,,
413844,7.45,USD,1,,
413845,4.50,USD,1,,
413846,7.20,USD,1,,
413847,6.75,USD,1,,
413848,6.55,USD,1,,
413849,6.10,USD,1,,
413850,5.60,USD,1,,
413851,4.80,USD,1,,
413852,3.95,USD,1,,
413853,2.40,USD,1,,
413854,7.10,USD,1,,
413855,2.40,USD,1,,
413856,2.40,USD,1,,
413857,2.40,USD,1,,
413858,2.40,USD,1,,
413859,2.40,USD,1,,
413860,2.40,USD,1,,
413861,4.05,USD,1,,
413862,12.65,USD,1,,
413863,8.15,USD,1,,
413864,9.05,USD,1,,
413865,9.35,USD,1,,
413866,8.30,USD,1,,
413867,9.10,USD,1,,
413868,4.85,USD,1,,
413869,5.35,USD,1,,
413870,11.15,USD,1,,
413871,5.80,USD,1,,
413872,7.40,USD,1,,
413873,5.80,USD,1,,
413874,5.55,USD,1,,
413875,5.35,USD,1,,
413876,5.10,USD,1,,
413877,5.00,USD,1,,
413878,4.80,USD,1,,
413879,4.50,USD,1,,
413880,4.25,USD,1,,
413881,4.25,USD,1,,
413882,4.25,USD,1,,
413883,4.80,USD,1,,
413884,5.20,USD,1,,
413885,5.60,USD,1,,
413886,5.90,USD,1,,
413887,6.25,USD,1,,
413888,6.60,USD,1,,
413889,7.20,USD,1,,
413890,7.65,USD,1,,
413891,6.25,USD,1,,
413892,7.60,USD,1,,
413893,8.10,USD,1,,
413894,7.45,USD,1,,
413895,4.50,USD,1,,
413896,7.20,USD,1,,
413897,6.75,USD,1,,
413898,6.55,USD,1,,
413899,6.10,USD,1,,
413900,5.60,USD,1,,
413901,4.80,USD,1,,
413902,3.95,USD,1,,
413903,2.40,USD,1,,
413904,2.40,USD,1,,
413905,7.10,USD,1,,
413906,2.40,USD,1,,
413907,2.40,USD,1,,
413908,2.40,USD,1,,
413909,2.40,USD,1,,
413910,2.40,USD,1,,
413911,4.05,USD,1,,
413912,12.65,USD,1,,
413913,8.15,USD,1,,
413914,9.05,USD,1,,
413915,9.35,USD,1,,
413916,8.30,USD,1,,
413917,9.10,USD,1,,
413918,4.85,USD,1,,
413919,5.35,USD,1,,
413920,11.15,USD,1,,
413921,5.80,USD,1,,
413922,7.40,USD,1,,
413923,5.80,USD,1,,
413924,5.55,USD,1,,
413925,5.35,USD,1,,
413926,5.10,USD,1,,
413927,5.00,USD,1,,
413928,4.80,USD,1,,
413929,4.50,USD,1,,
413930,4.25,USD,1,,
413931,4.25,USD,1,,
413932,4.25,USD,1,,
413933,4.80,USD,1,,
413934,5.20,USD,1,,
413935,5.60,USD,1,,
413936,5.90,USD,1,,
413937,6.25,USD,1,,
413938,6.60,USD,1,,
413939,7.20,USD,1,,
413940,7.65,USD,1,,
413941,6.25,USD,1,,
413942,7.60,USD,1,,
413943,8.10,USD,1,,
413944,7.45,USD,1,,
413945,4.50,USD,1,,
413946,7.20,USD,1,,
413947,6.75,USD,1,,
413948,6.55,USD,1,,
413949,6.10,USD,1,,
413950,5.60,USD,1,,
413951,4.80,USD,1,,
413952,3.95,USD,1,,
413953,2.40,USD,1,,
413954,2.40,USD,1,,
413955,2.40,USD,1,,
413956,7.10,USD,1,,
413957,2.40,USD,1,,
413958,2.40,USD,1,,
413959,2.40,USD,1,,
413960,2.40,USD,1,,
413961,4.05,USD,1,,
413962,12.65,USD,1,,
413963,8.15,USD,1,,
413964,9.05,USD,1,,
413965,9.35,USD,1,,
413966,8.30,USD,1,,
413967,9.10,USD,1,,
413968,4.65,USD,1,,
413969,5.15,USD,1,,
413970,11.05,USD,1,,
413971,5.70,USD,1,,
413972,7.50,USD,1,,
413973,5.90,USD,1,,
413974,5.65,USD,1,,
413975,5.40,USD,1,,
413976,5.20,USD,1,,
413977,5.15,USD,1,,
413978,5.00,USD,1,,
413979,4.75,USD,1,,
413980,4.50,USD,1,,
413981,4.50,USD,1,,
413982,4.50,USD,1,,
413983,5.05,USD,1,,
413984,5.35,USD,1,,
413985,5.70,USD,1,,
413986,6.00,USD,1,,
413987,6.35,USD,1,,
413988,6.70,USD,1,,
413989,7.30,USD,1,,
413990,7.70,USD,1,,
413991,6.30,USD,1,,
413992,7.70,USD,1,,
413993,8.20,USD,1,,
413994,7.55,USD,1,,
413995,4.30,USD,1,,
413996,7.30,USD,1,,
413997,6.80,USD,1,,
413998,6.60,USD,1,,
413999,6.20,USD,1,,
414000,5.70,USD,1,,
414001,5.00,USD,1,,
414002,4.30,USD,1,,
414003,2.40,USD,1,,
414004,2.40,USD,1,,
414005,2.40,USD,1,,
414006,2.40,USD,1,,
414007,7.10,USD,1,,
414008,2.40,USD,1,,
414009,2.40,USD,1,,
414010,2.40,USD,1,,
414011,3.80,USD,1,,
414012,12.80,USD,1,,
414013,8.25,USD,1,,
414014,9.15,USD,1,,
414015,9.45,USD,1,,
414016,8.40,USD,1,,
414017,9.20,USD,1,,
414018,4.50,USD,1,,
414019,5.00,USD,1,,
414020,10.90,USD,1,,
414021,5.65,USD,1,,
414022,7.55,USD,1,,
414023,5.95,USD,1,,
414024,5.70,USD,1,,
414025,5.50,USD,1,,
414026,5.25,USD,1,,
414027,5.20,USD,1,,
414028,5.05,USD,1,,
414029,4.85,USD,1,,
414030,4.60,USD,1,,
414031,4.60,USD,1,,
414032,4.60,USD,1,,
414033,5.15,USD,1,,
414034,5.40,USD,1,,
414035,5.75,USD,1,,
414036,6.05,USD,1,,
414037,6.40,USD,1,,
414038,6.75,USD,1,,
414039,7.35,USD,1,,
414040,7.80,USD,1,,
414041,6.40,USD,1,,
414042,7.75,USD,1,,
414043,8.25,USD,1,,
414044,7.65,USD,1,,
414045,4.15,USD,1,,
414046,7.40,USD,1,,
414047,6.90,USD,1,,
414048,6.70,USD,1,,
414049,6.25,USD,1,,
414050,5.80,USD,1,,
414051,5.10,USD,1,,
414052,4.40,USD,1,,
414053,2.40,USD,1,,
414054,2.40,USD,1,,
414055,2.40,USD,1,,
414056,2.40,USD,1,,
414057,2.40,USD,1,,
414058,7.10,USD,1,,
414059,2.40,USD,1,,
414060,2.40,USD,1,,
414061,3.80,USD,1,,
414062,12.85,USD,1,,
414063,8.30,USD,1,,
414064,9.20,USD,1,,
414065,9.50,USD,1,,
414066,8.45,USD,1,,
414067,9.25,USD,1,,
414068,4.20,USD,1,,
414069,4.70,USD,1,,
414070,10.60,USD,1,,
414071,5.35,USD,1,,
414072,7.75,USD,1,,
414073,6.10,USD,1,,
414074,5.85,USD,1,,
414075,5.70,USD,1,,
414076,5.45,USD,1,,
414077,5.35,USD,1,,
414078,5.25,USD,1,,
414079,5.10,USD,1,,
414080,4.90,USD,1,,
414081,4.90,USD,1,,
414082,4.90,USD,1,,
414083,5.30,USD,1,,
414084,5.55,USD,1,,
414085,5.95,USD,1,,
414086,6.25,USD,1,,
414087,6.55,USD,1,,
414088,6.95,USD,1,,
414089,7.55,USD,1,,
414090,7.95,USD,1,,
414091,6.60,USD,1,,
414092,7.95,USD,1,,
414093,8.45,USD,1,,
414094,7.80,USD,1,,
414095,4.00,USD,1,,
414096,7.55,USD,1,,
414097,7.05,USD,1,,
414098,6.85,USD,1,,
414099,6.45,USD,1,,
414100,5.95,USD,1,,
414101,5.25,USD,1,,
414102,4.70,USD,1,,
414103,2.40,USD,1,,
414104,2.40,USD,1,,
414105,2.40,USD,1,,
414106,2.40,USD,1,,
414107,2.40,USD,1,,
414108,2.40,USD,1,,
414109,7.10,USD,1,,
414110,2.40,USD,1,,
414111,3.80,USD,1,,
414112,13.05,USD,1,,
414113,8.50,USD,1,,
414114,9.40,USD,1,,
414115,9.70,USD,1,,
414116,8.65,USD,1,,
414117,9.45,USD,1,,
414118,4.00,USD,1,,
414119,4.55,USD,1,,
414120,10.45,USD,1,,
414121,5.15,USD,1,,
414122,7.80,USD,1,,
414123,6.20,USD,1,,
414124,5.95,USD,1,,
414125,5.75,USD,1,,
414126,5.50,USD,1,,
414127,5.45,USD,1,,
414128,5.35,USD,1,,
414129,5.20,USD,1,,
414130,5.10,USD,1,,
414131,5.10,USD,1,,
414132,5.10,USD,1,,
414133,5.40,USD,1,,
414134,5.65,USD,1,,
414135,6.05,USD,1,,
414136,6.30,USD,1,,
414137,6.65,USD,1,,
414138,7.00,USD,1,,
414139,7.65,USD,1,,
414140,8.05,USD,1,,
414141,6.65,USD,1,,
414142,8.05,USD,1,,
414143,8.55,USD,1,,
414144,7.90,USD,1,,
414145,4.00,USD,1,,
414146,7.65,USD,1,,
414147,7.15,USD,1,,
414148,6.95,USD,1,,
414149,6.50,USD,1,,
414150,6.05,USD,1,,
414151,5.35,USD,1,,
414152,4.90,USD,1,,
414153,2.40,USD,1,,
414154,2.40,USD,1,,
414155,2.40,USD,1,,
414156,2.40,USD,1,,
414157,2.40,USD,1,,
414158,2.40,USD,1,,
414159,2.40,USD,1,,
414160,7.10,USD,1,,
414161,3.80,USD,1,,
414162,13.15,USD,1,,
414163,8.60,USD,1,,
414164,9.50,USD,1,,
414165,9.80,USD,1,,
414166,8.75,USD,1,,
414167,9.50,USD,1,,
414168,4.00,USD,1,,
414169,4.00,USD,1,,
414170,10.15,USD,1,,
414171,4.90,USD,1,,
414172,8.00,USD,1,,
414173,6.40,USD,1,,
414174,6.10,USD,1,,
414175,5.90,USD,1,,
414176,5.70,USD,1,,
414177,5.60,USD,1,,
414178,5.50,USD,1,,
414179,5.35,USD,1,,
414180,5.25,USD,1,,
414181,5.25,USD,1,,
414182,5.25,USD,1,,
414183,5.60,USD,1,,
414184,5.80,USD,1,,
414185,6.15,USD,1,,
414186,6.45,USD,1,,
414187,6.80,USD,1,,
414188,7.20,USD,1,,
414189,7.80,USD,1,,
414190,8.20,USD,1,,
414191,6.80,USD,1,,
414192,8.20,USD,1,,
414193,8.70,USD,1,,
414194,8.05,USD,1,,
414195,4.00,USD,1,,
414196,7.80,USD,1,,
414197,7.30,USD,1,,
414198,7.10,USD,1,,
414199,6.65,USD,1,,
414200,6.20,USD,1,,
414201,5.50,USD,1,,
414202,5.15,USD,1,,
414203,4.05,USD,1,,
414204,4.05,USD,1,,
414205,4.05,USD,1,,
414206,4.05,USD,1,,
414207,3.80,USD,1,,
414208,3.80,USD,1,,
414209,3.80,USD,1,,
414210,3.80,USD,1,,
414211,7.10,USD,1,,
414212,13.30,USD,1,,
414213,8.75,USD,1,,
414214,9.65,USD,1,,
414215,9.95,USD,1,,
414216,8.90,USD,1,,
414217,9.70,USD,1,,
414218,13.50,USD,1,,
414219,13.80,USD,1,,
414220,19.55,USD,1,,
414221,14.20,USD,1,,
414222,12.15,USD,1,,
414223,11.70,USD,1,,
414224,11.45,USD,1,,
414225,11.25,USD,1,,
414226,10.85,USD,1,,
414227,10.70,USD,1,,
414228,10.50,USD,1,,
414229,10.25,USD,1,,
414230,9.90,USD,1,,
414231,9.90,USD,1,,
414232,9.90,USD,1,,
414233,9.90,USD,1,,
414234,7.45,USD,1,,
414235,9.90,USD,1,,
414236,9.90,USD,1,,
414237,10.65,USD,1,,
414238,11.20,USD,1,,
414239,12.00,USD,1,,
414240,12.40,USD,1,,
414241,10.65,USD,1,,
414242,12.35,USD,1,,
414243,13.80,USD,1,,
414244,13.15,USD,1,,
414245,13.25,USD,1,,
414246,12.90,USD,1,,
414247,12.40,USD,1,,
414248,12.25,USD,1,,
414249,11.80,USD,1,,
414250,11.30,USD,1,,
414251,10.30,USD,1,,
414252,10.15,USD,1,,
414253,12.65,USD,1,,
414254,12.65,USD,1,,
414255,12.65,USD,1,,
414256,12.65,USD,1,,
414257,12.80,USD,1,,
414258,12.85,USD,1,,
414259,13.05,USD,1,,
414260,13.15,USD,1,,
414261,13.30,USD,1,,
414262,7.10,USD,1,,
414263,12.95,USD,1,,
414264,13.80,USD,1,,
414265,14.15,USD,1,,
414266,14.00,USD,1,,
414267,14.80,USD,1,,
414268,8.95,USD,1,,
414269,9.25,USD,1,,
414270,15.00,USD,1,,
414271,9.65,USD,1,,
414272,6.30,USD,1,,
414273,7.15,USD,1,,
414274,6.90,USD,1,,
414275,6.70,USD,1,,
414276,6.45,USD,1,,
414277,6.40,USD,1,,
414278,6.30,USD,1,,
414279,6.15,USD,1,,
414280,6.05,USD,1,,
414281,6.05,USD,1,,
414282,6.05,USD,1,,
414283,5.70,USD,1,,
414284,5.45,USD,1,,
414285,5.10,USD,1,,
414286,4.80,USD,1,,
414287,4.45,USD,1,,
414288,2.40,USD,1,,
414289,2.40,USD,1,,
414290,2.40,USD,1,,
414291,5.15,USD,1,,
414292,6.55,USD,1,,
414293,9.25,USD,1,,
414294,8.65,USD,1,,
414295,8.70,USD,1,,
414296,8.40,USD,1,,
414297,7.85,USD,1,,
414298,7.70,USD,1,,
414299,7.25,USD,1,,
414300,6.75,USD,1,,
414301,6.15,USD,1,,
414302,6.15,USD,1,,
414303,8.15,USD,1,,
414304,8.15,USD,1,,
414305,8.15,USD,1,,
414306,8.15,USD,1,,
414307,8.25,USD,1,,
414308,8.30,USD,1,,
414309,8.50,USD,1,,
414310,8.60,USD,1,,
414311,8.75,USD,1,,
414312,12.95,USD,1,,
414313,7.10,USD,1,,
414314,2.95,USD,1,,
414315,3.45,USD,1,,
414316,9.45,USD,1,,
414317,10.25,USD,1,,
414318,9.85,USD,1,,
414319,10.15,USD,1,,
414320,15.90,USD,1,,
414321,10.55,USD,1,,
414322,7.20,USD,1,,
414323,8.05,USD,1,,
414324,7.80,USD,1,,
414325,7.60,USD,1,,
414326,7.35,USD,1,,
414327,7.30,USD,1,,
414328,7.20,USD,1,,
414329,7.05,USD,1,,
414330,6.90,USD,1,,
414331,6.90,USD,1,,
414332,6.90,USD,1,,
414333,6.60,USD,1,,
414334,6.35,USD,1,,
414335,6.00,USD,1,,
414336,5.70,USD,1,,
414337,5.35,USD,1,,
414338,5.00,USD,1,,
414339,4.40,USD,1,,
414340,3.80,USD,1,,
414341,6.05,USD,1,,
414342,7.40,USD,1,,
414343,10.15,USD,1,,
414344,9.50,USD,1,,
414345,9.60,USD,1,,
414346,9.25,USD,1,,
414347,8.75,USD,1,,
414348,8.60,USD,1,,
414349,8.15,USD,1,,
414350,7.65,USD,1,,
414351,7.05,USD,1,,
414352,7.05,USD,1,,
414353,9.05,USD,1,,
414354,9.05,USD,1,,
414355,9.05,USD,1,,
414356,9.05,USD,1,,
414357,9.15,USD,1,,
414358,9.20,USD,1,,
414359,9.40,USD,1,,
414360,9.50,USD,1,,
414361,9.65,USD,1,,
414362,13.80,USD,1,,
414363,2.95,USD,1,,
414364,7.10,USD,1,,
414365,2.40,USD,1,,
414366,10.35,USD,1,,
414367,11.15,USD,1,,
414368,10.15,USD,1,,
414369,10.45,USD,1,,
414370,16.20,USD,1,,
414371,10.85,USD,1,,
414372,7.50,USD,1,,
414373,8.35,USD,1,,
414374,8.10,USD,1,,
414375,7.90,USD,1,,
414376,7.65,USD,1,,
414377,7.60,USD,1,,
414378,7.50,USD,1,,
414379,7.35,USD,1,,
414380,7.25,USD,1,,
414381,7.25,USD,1,,
414382,7.25,USD,1,,
414383,6.90,USD,1,,
414384,6.65,USD,1,,
414385,6.30,USD,1,,
414386,6.00,USD,1,,
414387,5.65,USD,1,,
414388,5.30,USD,1,,
414389,4.70,USD,1,,
414390,4.25,USD,1,,
414391,6.35,USD,1,,
414392,7.70,USD,1,,
414393,10.45,USD,1,,
414394,9.85,USD,1,,
414395,9.90,USD,1,,
414396,9.60,USD,1,,
414397,9.05,USD,1,,
414398,8.90,USD,1,,
414399,8.45,USD,1,,
414400,7.95,USD,1,,
414401,7.35,USD,1,,
414402,7.35,USD,1,,
414403,9.35,USD,1,,
414404,9.35,USD,1,,
414405,9.35,USD,1,,
414406,9.35,USD,1,,
414407,9.45,USD,1,,
414408,9.50,USD,1,,
414409,9.70,USD,1,,
414410,9.80,USD,1,,
414411,9.95,USD,1,,
414412,14.15,USD,1,,
414413,3.45,USD,1,,
414414,2.40,USD,1,,
414415,7.10,USD,1,,
414416,10.65,USD,1,,
414417,11.45,USD,1,,
414418,9.10,USD,1,,
414419,9.40,USD,1,,
414420,15.15,USD,1,,
414421,9.80,USD,1,,
414422,8.70,USD,1,,
414423,6.85,USD,1,,
414424,6.60,USD,1,,
414425,6.40,USD,1,,
414426,6.20,USD,1,,
414427,6.10,USD,1,,
414428,6.05,USD,1,,
414429,6.05,USD,1,,
414430,6.10,USD,1,,
414431,6.10,USD,1,,
414432,6.10,USD,1,,
414433,6.30,USD,1,,
414434,6.55,USD,1,,
414435,6.90,USD,1,,
414436,7.20,USD,1,,
414437,7.55,USD,1,,
414438,7.90,USD,1,,
414439,8.50,USD,1,,
414440,8.95,USD,1,,
414441,7.55,USD,1,,
414442,8.90,USD,1,,
414443,2.40,USD,1,,
414444,2.40,USD,1,,
414445,8.85,USD,1,,
414446,2.40,USD,1,,
414447,4.15,USD,1,,
414448,4.30,USD,1,,
414449,4.75,USD,1,,
414450,5.25,USD,1,,
414451,5.90,USD,1,,
414452,6.25,USD,1,,
414453,8.30,USD,1,,
414454,8.30,USD,1,,
414455,8.30,USD,1,,
414456,8.30,USD,1,,
414457,8.40,USD,1,,
414458,8.45,USD,1,,
414459,8.65,USD,1,,
414460,8.75,USD,1,,
414461,8.90,USD,1,,
414462,14.00,USD,1,,
414463,9.45,USD,1,,
414464,10.35,USD,1,,
414465,10.65,USD,1,,
414466,7.10,USD,1,,
414467,2.40,USD,1,,
414468,9.90,USD,1,,
414469,10.20,USD,1,,
414470,15.95,USD,1,,
414471,10.60,USD,1,,
414472,9.50,USD,1,,
414473,7.65,USD,1,,
414474,7.40,USD,1,,
414475,7.20,USD,1,,
414476,6.95,USD,1,,
414477,6.90,USD,1,,
414478,6.85,USD,1,,
414479,6.85,USD,1,,
414480,6.90,USD,1,,
414481,6.90,USD,1,,
414482,6.90,USD,1,,
414483,7.10,USD,1,,
414484,7.30,USD,1,,
414485,7.70,USD,1,,
414486,7.95,USD,1,,
414487,8.30,USD,1,,
414488,8.70,USD,1,,
414489,9.30,USD,1,,
414490,9.70,USD,1,,
414491,8.30,USD,1,,
414492,9.70,USD,1,,
414493,2.40,USD,1,,
414494,4.20,USD,1,,
414495,9.65,USD,1,,
414496,4.40,USD,1,,
414497,4.90,USD,1,,
414498,5.10,USD,1,,
414499,5.55,USD,1,,
414500,6.00,USD,1,,
414501,6.70,USD,1,,
414502,7.05,USD,1,,
414503,9.10,USD,1,,
414504,9.10,USD,1,,
414505,9.10,USD,1,,
414506,9.10,USD,1,,
414507,9.20,USD,1,,
414508,9.25,USD,1,,
414509,9.45,USD,1,,
414510,9.50,USD,1,,
414511,9.70,USD,1,,
414512,14.80,USD,1,,
414513,10.25,USD,1,,
414514,11.15,USD,1,,
414515,11.45,USD,1,,
414516,2.40,USD,1,,
414517,7.10,USD,1,,
412024,6.30,USD,1,,
412025,6.10,USD,1,,
412026,5.90,USD,1,,
412027,5.80,USD,1,,
412028,5.70,USD,1,,
412029,5.55,USD,1,,
412030,5.45,USD,1,,
412031,5.45,USD,1,,
412032,5.45,USD,1,,
412033,5.80,USD,1,,
412034,6.00,USD,1,,
412035,6.35,USD,1,,
412036,6.65,USD,1,,
412037,7.00,USD,1,,
412038,7.40,USD,1,,
412039,8.00,USD,1,,
412040,8.40,USD,1,,
412041,7.00,USD,1,,
412042,8.40,USD,1,,
412043,8.90,USD,1,,
412044,8.25,USD,1,,
412045,4.00,USD,1,,
412046,8.00,USD,1,,
412047,7.50,USD,1,,
412048,7.30,USD,1,,
412049,6.85,USD,1,,
412050,6.40,USD,1,,
412051,5.70,USD,1,,
412052,5.35,USD,1,,
412053,4.85,USD,1,,
412054,4.85,USD,1,,
412055,4.85,USD,1,,
412056,4.85,USD,1,,
412057,4.65,USD,1,,
412058,4.50,USD,1,,
412059,4.20,USD,1,,
412060,4.00,USD,1,,
412061,4.00,USD,1,,
412062,13.50,USD,1,,
412063,8.95,USD,1,,
412064,9.85,USD,1,,
412065,10.15,USD,1,,
412066,9.10,USD,1,,
412067,9.90,USD,1,,
412068,4.00,USD,1,,
412069,7.10,USD,1,,
412070,9.50,USD,1,,
412071,4.00,USD,1,,
412072,8.50,USD,1,,
412073,6.90,USD,1,,
412074,6.65,USD,1,,
412075,6.45,USD,1,,
412076,6.20,USD,1,,
412077,6.15,USD,1,,
412078,6.00,USD,1,,
412079,5.85,USD,1,,
412080,5.75,USD,1,,
412081,5.75,USD,1,,
412082,5.75,USD,1,,
412083,6.10,USD,1,,
412084,6.35,USD,1,,
412085,6.70,USD,1,,
412086,7.00,USD,1,,
412087,7.35,USD,1,,
412088,7.70,USD,1,,
412089,8.30,USD,1,,
412090,8.75,USD,1,,
412091,7.35,USD,1,,
412092,8.70,USD,1,,
412093,9.20,USD,1,,
412094,8.60,USD,1,,
412095,4.00,USD,1,,
412096,8.35,USD,1,,
412097,7.80,USD,1,,
412098,7.65,USD,1,,
412099,7.20,USD,1,,
412100,6.70,USD,1,,
412101,6.05,USD,1,,
412102,5.65,USD,1,,
412103,5.35,USD,1,,
412104,5.35,USD,1,,
412105,5.35,USD,1,,
412106,5.35,USD,1,,
412107,5.15,USD,1,,
412108,5.00,USD,1,,
412109,4.70,USD,1,,
412110,4.55,USD,1,,
412111,4.00,USD,1,,
412112,13.80,USD,1,,
412113,9.25,USD,1,,
412114,10.15,USD,1,,
412115,10.45,USD,1,,
412116,9.40,USD,1,,
412117,10.20,USD,1,,
412118,9.50,USD,1,,
412119,9.50,USD,1,,
412120,7.10,USD,1,,
412121,5.50,USD,1,,
412122,14.25,USD,1,,
412123,12.65,USD,1,,
412124,12.40,USD,1,,
412125,12.20,USD,1,,
412126,11.95,USD,1,,
412127,11.90,USD,1,,
412128,11.75,USD,1,,
412129,11.60,USD,1,,
412130,11.50,USD,1,,
412131,11.50,USD,1,,
412132,11.50,USD,1,,
412133,11.85,USD,1,,
412134,12.10,USD,1,,
412135,12.45,USD,1,,
412136,12.75,USD,1,,
412137,13.10,USD,1,,
412138,13.45,USD,1,,
412139,14.05,USD,1,,
412140,14.50,USD,1,,
412141,13.10,USD,1,,
412142,14.45,USD,1,,
412143,14.95,USD,1,,
412144,14.35,USD,1,,
412145,9.90,USD,1,,
412146,14.10,USD,1,,
412147,13.55,USD,1,,
412148,13.40,USD,1,,
412149,12.95,USD,1,,
412150,12.45,USD,1,,
412151,11.80,USD,1,,
412152,11.40,USD,1,,
412153,11.15,USD,1,,
412154,11.15,USD,1,,
412155,11.15,USD,1,,
412156,11.15,USD,1,,
412157,11.05,USD,1,,
412158,10.90,USD,1,,
412159,10.60,USD,1,,
412160,10.45,USD,1,,
412161,10.15,USD,1,,
412162,19.55,USD,1,,
412163,15.00,USD,1,,
412164,15.90,USD,1,,
412165,16.20,USD,1,,
412166,15.15,USD,1,,
412167,15.95,USD,1,,
412168,4.00,USD,1,,
412169,4.00,USD,1,,
412170,5.50,USD,1,,
412171,7.10,USD,1,,
412172,8.90,USD,1,,
412173,7.30,USD,1,,
412174,7.05,USD,1,,
412175,6.85,USD,1,,
412176,6.60,USD,1,,
412177,6.55,USD,1,,
412178,6.45,USD,1,,
412179,6.30,USD,1,,
412180,6.15,USD,1,,
412181,6.15,USD,1,,
412182,6.15,USD,1,,
412183,6.50,USD,1,,
412184,6.75,USD,1,,
412185,7.10,USD,1,,
412186,7.40,USD,1,,
412187,7.75,USD,1,,
412188,8.10,USD,1,,
412189,8.70,USD,1,,
412190,9.15,USD,1,,
412191,7.75,USD,1,,
412192,9.10,USD,1,,
412193,9.60,USD,1,,
412194,9.00,USD,1,,
412195,4.65,USD,1,,
412196,8.75,USD,1,,
412197,8.25,USD,1,,
412198,8.05,USD,1,,
412199,7.60,USD,1,,
412200,7.15,USD,1,,
412201,6.45,USD,1,,
412202,6.05,USD,1,,
412203,5.80,USD,1,,
412204,5.80,USD,1,,
412205,5.80,USD,1,,
412206,5.80,USD,1,,
412207,5.70,USD,1,,
412208,5.65,USD,1,,
412209,5.35,USD,1,,
412210,5.15,USD,1,,
412211,4.90,USD,1,,
412212,14.20,USD,1,,
412213,9.65,USD,1,,
412214,10.55,USD,1,,
412215,10.85,USD,1,,
412216,9.80,USD,1,,
412217,10.60,USD,1,,
412218,8.20,USD,1,,
412219,8.50,USD,1,,
412220,14.25,USD,1,,
412221,8.90,USD,1,,
412222,7.10,USD,1,,
412223,6.40,USD,1,,
412224,6.15,USD,1,,
412225,5.95,USD,1,,
412226,5.70,USD,1,,
412227,5.65,USD,1,,
412228,5.55,USD,1,,
412229,5.35,USD,1,,
412230,5.25,USD,1,,
412231,5.25,USD,1,,
412232,5.25,USD,1,,
412233,4.95,USD,1,,
412234,4.70,USD,1,,
412235,4.35,USD,1,,
412236,2.40,USD,1,,
412237,4.40,USD,1,,
412238,4.75,USD,1,,
412239,5.35,USD,1,,
412240,5.80,USD,1,,
412241,2.40,USD,1,,
412242,2.40,USD,1,,
412243,8.50,USD,1,,
412244,7.85,USD,1,,
412245,7.95,USD,1,,
412246,7.60,USD,1,,
412247,7.10,USD,1,,
412248,6.90,USD,1,,
412249,6.50,USD,1,,
412250,6.00,USD,1,,
412251,5.35,USD,1,,
412252,5.40,USD,1,,
412253,7.40,USD,1,,
412254,7.40,USD,1,,
412255,7.40,USD,1,,
412256,7.40,USD,1,,
412257,7.50,USD,1,,
412258,7.55,USD,1,,
412259,7.75,USD,1,,
412260,7.80,USD,1,,
412261,8.00,USD,1,,
412262,12.15,USD,1,,
412263,6.30,USD,1,,
412264,7.20,USD,1,,
412265,7.50,USD,1,,
412266,8.70,USD,1,,
412267,9.50,USD,1,,
412268,6.60,USD,1,,
412269,6.90,USD,1,,
412270,12.65,USD,1,,
412271,7.30,USD,1,,
412272,6.40,USD,1,,
412273,7.10,USD,1,,
412274,2.40,USD,1,,
412275,2.40,USD,1,,
412276,2.40,USD,1,,
412277,2.40,USD,1,,
412278,2.40,USD,1,,
412279,3.35,USD,1,,
412280,3.55,USD,1,,
412281,3.55,USD,1,,
412282,3.55,USD,1,,
412283,3.95,USD,1,,
412284,4.25,USD,1,,
412285,4.60,USD,1,,
412286,4.90,USD,1,,
412287,5.20,USD,1,,
412288,5.60,USD,1,,
412289,6.20,USD,1,,
412290,6.65,USD,1,,
412291,5.25,USD,1,,
412292,6.60,USD,1,,
412293,6.65,USD,1,,
412294,6.05,USD,1,,
412295,6.35,USD,1,,
412296,5.80,USD,1,,
412297,5.30,USD,1,,
412298,5.10,USD,1,,
412299,4.65,USD,1,,
412300,4.15,USD,1,,
412301,3.35,USD,1,,
412302,3.75,USD,1,,
412303,5.80,USD,1,,
412304,5.80,USD,1,,
412305,5.80,USD,1,,
412306,5.80,USD,1,,
412307,5.90,USD,1,,
412308,5.95,USD,1,,
412309,6.10,USD,1,,
412310,6.20,USD,1,,
412311,6.40,USD,1,,
412312,11.70,USD,1,,
412313,7.15,USD,1,,
412314,8.05,USD,1,,
412315,8.35,USD,1,,
412316,6.85,USD,1,,
412317,7.65,USD,1,,
412318,6.30,USD,1,,
412319,6.65,USD,1,,
412320,12.40,USD,1,,
412321,7.05,USD,1,,
412322,6.15,USD,1,,
412323,2.40,USD,1,,
412324,7.10,USD,1,,
412325,2.40,USD,1,,
412326,2.40,USD,1,,
412327,2.40,USD,1,,
412328,2.40,USD,1,,
412329,2.90,USD,1,,
412330,3.15,USD,1,,
412331,3.15,USD,1,,
412332,3.15,USD,1,,
412333,3.70,USD,1,,
412334,3.95,USD,1,,
412335,4.35,USD,1,,
412336,4.60,USD,1,,
412337,5.00,USD,1,,
412338,5.35,USD,1,,
412339,5.95,USD,1,,
412340,6.40,USD,1,,
412341,4.95,USD,1,,
412342,6.35,USD,1,,
412343,6.40,USD,1,,
412344,5.80,USD,1,,
412345,6.10,USD,1,,
412346,5.55,USD,1,,
412347,5.05,USD,1,,
412348,4.85,USD,1,,
412349,4.40,USD,1,,
412350,3.95,USD,1,,
412351,2.95,USD,1,,
412352,3.35,USD,1,,
412353,5.55,USD,1,,
412354,5.55,USD,1,,
412355,5.55,USD,1,,
412356,5.55,USD,1,,
412357,5.65,USD,1,,
412358,5.70,USD,1,,
412359,5.85,USD,1,,
412360,5.95,USD,1,,
412361,6.10,USD,1,,
412362,11.45,USD,1,,
412363,6.90,USD,1,,
412364,7.80,USD,1,,
412365,8.10,USD,1,,
412366,6.60,USD,1,,
412367,7.40,USD,1,,
412368,6.10,USD,1,,
412369,6.45,USD,1,,
412370,12.20,USD,1,,
412371,6.85,USD,1,,
412372,5.95,USD,1,,
412373,2.40,USD,1,,
412374,2.40,USD,1,,
412375,7.10,USD,1,,
412376,2.40,USD,1,,
412377,2.40,USD,1,,
412378,2.40,USD,1,,
412379,2.55,USD,1,,
412380,2.80,USD,1,,
412381,2.80,USD,1,,
412382,2.80,USD,1,,
412383,3.40,USD,1,,
412384,3.75,USD,1,,
412385,4.15,USD,1,,
412386,4.40,USD,1,,
412387,4.80,USD,1,,
412388,5.15,USD,1,,
412389,5.75,USD,1,,
412390,6.15,USD,1,,
412391,4.75,USD,1,,
412392,6.15,USD,1,,
412393,6.20,USD,1,,
412394,5.60,USD,1,,
412395,5.90,USD,1,,
412396,5.35,USD,1,,
412397,4.85,USD,1,,
412398,4.65,USD,1,,
412399,4.20,USD,1,,
412400,3.65,USD,1,,
412401,2.65,USD,1,,
412402,3.05,USD,1,,
412403,5.35,USD,1,,
412404,5.35,USD,1,,
412405,5.35,USD,1,,
412406,5.35,USD,1,,
412407,5.40,USD,1,,
412408,5.50,USD,1,,
412409,5.70,USD,1,,
412410,5.75,USD,1,,
412411,5.90,USD,1,,
412412,11.25,USD,1,,
412413,6.70,USD,1,,
412414,7.60,USD,1,,
412415,7.90,USD,1,,
412416,6.40,USD,1,,
412417,7.20,USD,1,,
412418,5.90,USD,1,,
412419,6.20,USD,1,,
412420,11.95,USD,1,,
412421,6.60,USD,1,,
412422,5.70,USD,1,,
412423,2.40,USD,1,,
412424,2.40,USD,1,,
412425,2.40,USD,1,,
412426,7.10,USD,1,,
412427,2.40,USD,1,,
412428,2.40,USD,1,,
412429,2.40,USD,1,,
412430,2.40,USD,1,,
412431,2.40,USD,1,,
412432,2.40,USD,1,,
412433,3.00,USD,1,,
412434,3.40,USD,1,,
412435,3.90,USD,1,,
412436,4.20,USD,1,,
412437,4.55,USD,1,,
412438,4.90,USD,1,,
412439,5.50,USD,1,,
412440,5.95,USD,1,,
412441,4.55,USD,1,,
412442,5.90,USD,1,,
412443,6.00,USD,1,,
412444,5.35,USD,1,,
412445,5.65,USD,1,,
412446,5.10,USD,1,,
412447,4.60,USD,1,,
412448,4.40,USD,1,,
412449,3.95,USD,1,,
412450,3.25,USD,1,,
412451,2.40,USD,1,,
412452,2.65,USD,1,,
412453,5.10,USD,1,,
412454,5.10,USD,1,,
412455,5.10,USD,1,,
412456,5.10,USD,1,,
412457,5.20,USD,1,,
412458,5.25,USD,1,,
412459,5.45,USD,1,,
412460,5.50,USD,1,,
412461,5.70,USD,1,,
412462,10.85,USD,1,,
412463,6.45,USD,1,,
412464,7.35,USD,1,,
412465,7.65,USD,1,,
412466,6.20,USD,1,,
412467,6.95,USD,1,,
412468,5.80,USD,1,,
412469,6.15,USD,1,,
412470,11.90,USD,1,,
412471,6.55,USD,1,,
412472,5.65,USD,1,,
412473,2.40,USD,1,,
412474,2.40,USD,1,,
412475,2.40,USD,1,,
412476,2.40,USD,1,,
412477,7.10,USD,1,,
412478,2.40,USD,1,,
412479,2.40,USD,1,,
412480,2.40,USD,1,,
412481,2.40,USD,1,,
412482,2.40,USD,1,,
412483,2.85,USD,1,,
412484,3.20,USD,1,,
412485,3.80,USD,1,,
412486,4.15,USD,1,,
412487,4.45,USD,1,,
412488,4.85,USD,1,,
412489,5.45,USD,1,,
412490,5.85,USD,1,,
412491,4.50,USD,1,,
412492,5.85,USD,1,,
412493,5.90,USD,1,,
412494,5.30,USD,1,,
412495,5.60,USD,1,,
412496,5.05,USD,1,,
412497,4.50,USD,1,,
412498,4.35,USD,1,,
412499,3.85,USD,1,,
412500,3.10,USD,1,,
412501,2.40,USD,1,,
412502,2.50,USD,1,,
412503,5.00,USD,1,,
412504,5.00,USD,1,,
412505,5.00,USD,1,,
412506,5.00,USD,1,,
412507,5.15,USD,1,,
412508,5.20,USD,1,,
412509,5.35,USD,1,,
412510,5.45,USD,1,,
412511,5.60,USD,1,,
412512,10.70,USD,1,,
412513,6.40,USD,1,,
412514,7.30,USD,1,,
412515,7.60,USD,1,,
412516,6.10,USD,1,,
412517,6.90,USD,1,,
412518,5.70,USD,1,,
412519,6.00,USD,1,,
412520,11.75,USD,1,,
412521,6.45,USD,1,,
412522,5.55,USD,1,,
412523,2.40,USD,1,,
412524,2.40,USD,1,,
412525,2.40,USD,1,,
412627,2.40,USD,1,,
412628,2.40,USD,1,,
412629,2.40,USD,1,,
412630,7.10,USD,1,,
412631,2.40,USD,1,,
412526,2.40,USD,1,,
412527,2.40,USD,1,,
412528,7.10,USD,1,,
412529,2.40,USD,1,,
412530,2.40,USD,1,,
412531,2.40,USD,1,,
412532,2.40,USD,1,,
412533,2.65,USD,1,,
412534,3.05,USD,1,,
412535,3.60,USD,1,,
412536,4.00,USD,1,,
412537,4.35,USD,1,,
412538,4.75,USD,1,,
412539,5.35,USD,1,,
412540,5.75,USD,1,,
412541,4.35,USD,1,,
412542,5.75,USD,1,,
412543,5.85,USD,1,,
412544,5.25,USD,1,,
412545,5.45,USD,1,,
412546,5.00,USD,1,,
412547,4.50,USD,1,,
412548,4.25,USD,1,,
412549,3.65,USD,1,,
412550,2.90,USD,1,,
412551,2.40,USD,1,,
412552,2.40,USD,1,,
412553,4.80,USD,1,,
412554,4.80,USD,1,,
412555,4.80,USD,1,,
412556,4.80,USD,1,,
412557,5.00,USD,1,,
412558,5.05,USD,1,,
412559,5.25,USD,1,,
412560,5.35,USD,1,,
412561,5.50,USD,1,,
412562,10.50,USD,1,,
412563,6.30,USD,1,,
412564,7.20,USD,1,,
412565,7.50,USD,1,,
412566,6.05,USD,1,,
412567,6.85,USD,1,,
412568,5.55,USD,1,,
412569,5.85,USD,1,,
412570,11.60,USD,1,,
412571,6.30,USD,1,,
412572,5.35,USD,1,,
412573,3.35,USD,1,,
412574,2.90,USD,1,,
412575,2.55,USD,1,,
412576,2.40,USD,1,,
412577,2.40,USD,1,,
412578,2.40,USD,1,,
412579,7.10,USD,1,,
412580,2.40,USD,1,,
412581,2.40,USD,1,,
412582,2.40,USD,1,,
412583,2.40,USD,1,,
412584,2.75,USD,1,,
412585,3.35,USD,1,,
412586,3.80,USD,1,,
412587,4.20,USD,1,,
412588,4.55,USD,1,,
412589,5.20,USD,1,,
412590,5.60,USD,1,,
412591,4.20,USD,1,,
412592,5.60,USD,1,,
412593,5.85,USD,1,,
412594,5.25,USD,1,,
412595,5.30,USD,1,,
412596,5.00,USD,1,,
412597,4.50,USD,1,,
412598,4.25,USD,1,,
412599,3.55,USD,1,,
412600,2.40,USD,1,,
412601,2.40,USD,1,,
412602,2.40,USD,1,,
412603,4.50,USD,1,,
412604,4.50,USD,1,,
412605,4.50,USD,1,,
412606,4.50,USD,1,,
412607,4.75,USD,1,,
412608,4.85,USD,1,,
412609,5.10,USD,1,,
412610,5.20,USD,1,,
412611,5.35,USD,1,,
412612,10.25,USD,1,,
412613,6.15,USD,1,,
412614,7.05,USD,1,,
412615,7.35,USD,1,,
412616,6.05,USD,1,,
412617,6.85,USD,1,,
412618,5.45,USD,1,,
412619,5.75,USD,1,,
412620,11.50,USD,1,,
412621,6.15,USD,1,,
412622,5.25,USD,1,,
412623,3.55,USD,1,,
412624,3.15,USD,1,,
412625,2.80,USD,1,,
412626,2.40,USD,1,,
412632,2.40,USD,1,,
412633,2.40,USD,1,,
412634,2.40,USD,1,,
412635,3.10,USD,1,,
412636,3.55,USD,1,,
412637,4.10,USD,1,,
412638,4.45,USD,1,,
412639,5.05,USD,1,,