fare_id,route_id,origin_id,destination_id,contains_id
412018,,78467,78467,
412019,,78467,78468,
412020,,78467,78470,
412021,,78467,78469,
412022,,78467,78445,
412023,,78467,78462,
412024,,78467,78461,
412025,,78467,78460,
412026,,78467,78459,
412027,,78467,78458,
412028,,78467,78457,
412029,,78467,78443,
412030,,78467,78442,
412031,,78467,78441,
412032,,78467,78421,
412033,,78467,78422,
412034,,78467,78423,
412035,,78467,78424,
412036,,78467,78425,
412037,,78467,78426,
412038,,78467,78427,
412039,,78467,78428,
412040,,78467,78429,
412041,,78467,78444,
412042,,78467,78446,
412043,,78467,78437,
412044,,78467,78436,
412045,,78467,78466,
412046,,78467,78435,
412047,,78467,78434,
412048,,78467,78433,
412049,,78467,78432,
412050,,78467,78431,
412051,,78467,78430,
412052,,78467,78447,
412053,,78467,78448,
412054,,78467,78449,
412055,,78467,78450,
412056,,78467,78451,
412057,,78467,78452,
412058,,78467,78453,
412059,,78467,78454,
412060,,78467,78455,
412061,,78467,78456,
412062,,78467,78440,
412063,,78467,78463,
412064,,78467,78464,
412065,,78467,78465,
412066,,78467,78438,
412067,,78467,78439,
412068,,78468,78467,
412069,,78468,78468,
412070,,78468,78470,
412071,,78468,78469,
412072,,78468,78445,
412073,,78468,78462,
412074,,78468,78461,
412075,,78468,78460,
412076,,78468,78459,
412077,,78468,78458,
412078,,78468,78457,
412079,,78468,78443,
412080,,78468,78442,
412081,,78468,78441,
412082,,78468,78421,
412083,,78468,78422,
412084,,78468,78423,
412085,,78468,78424,
412086,,78468,78425,
412087,,78468,78426,
412088,,78468,78427,
412089,,78468,78428,
412090,,78468,78429,
412091,,78468,78444,
412092,,78468,78446,
412093,,78468,78437,
412094,,78468,78436,
412095,,78468,78466,
412096,,78468,78435,
412097,,78468,78434,
412098,,78468,78433,
412099,,78468,78432,
412100,,78468,78431,
412101,,78468,78430,
412102,,78468,78447,
412103,,78468,78448,
412104,,78468,78449,
412105,,78468,78450,
412106,,78468,78451,
412107,,78468,78452,
412108,,78468,78453,
412109,,78468,78454,
412110,,78468,78455,
412111,,78468,78456,
412112,,78468,78440,
412113,,78468,78463,
412114,,78468,78464,
412115,,78468,78465,
412116,,78468,78438,
412117,,78468,78439,
412118,,78470,78467,
412119,,78470,78468,
412120,,78470,78470,
412121,,78470,78469,
412122,,78470,78445,
412123,,78470,78462,
412124,,78470,78461,
412125,,78470,78460,
412126,,78470,78459,
412127,,78470,78458,
412128,,78470,78457,
412129,,78470,78443,
412130,,78470,78442,
412131,,78470,78441,
412132,,78470,78421,
412133,,78470,78422,
412134,,78470,78423,
412135,,78470,78424,
412136,,78470,78425,
412137,,78470,78426,
412138,,78470,78427,
412139,,78470,78428,
412140,,78470,78429,
412141,,78470,78444,
412142,,78470,78446,
412143,,78470,78437,
412144,,78470,78436,
412145,,78470,78466,
412146,,78470,78435,
412147,,78470,78434,
412148,,78470,78433,
412149,,78470,78432,
412150,,78470,78431,
412151,,78470,78430,
412152,,78470,78447,
412153,,78470,78448,
412154,,78470,78449,
412155,,78470,78450,
412156,,78470,78451,
412157,,78470,78452,
412158,,78470,78453,
412159,,78470,78454,
412160,,78470,78455,
412161,,78470,78456,
412162,,78470,78440,
412163,,78470,78463,
412164,,78470,78464,
412165,,78470,78465,
412166,,78470,78438,
412167,,78470,78439,
412168,,78469,78467,
412169,,78469,78468,
412170,,78469,78470,
412171,,78469,78469,
412172,,78469,78445,
412173,,78469,78462,
412174,,78469,78461,
412175,,78469,78460,
412176,,78469,78459,
412177,,78469,78458,
412178,,78469,78457,
412179,,78469,78443,
412180,,78469,78442,
412181,,78469,78441,
412182,,78469,78421,
412183,,78469,78422,
412184,,78469,78423,
412185,,78469,78424,
412186,,78469,78425,
412187,,78469,78426,
412188,,78469,78427,
412189,,78469,78428,
412190,,78469,78429,
412191,,78469,78444,
412192,,78469,78446,
412193,,78469,78437,
412194,,78469,78436,
412195,,78469,78466,
412196,,78469,78435,
412197,,78469,78434,
412198,,78469,78433,
412199,,78469,78432,
412200,,78469,78431,
412201,,78469,78430,
412202,,78469,78447,
412203,,78469,78448,
412204,,78469,78449,
412205,,78469,78450,
412206,,78469,78451,
412207,,78469,78452,
412208,,78469,78453,
412209,,78469,78454,
412210,,78469,78455,
412211,,78469,78456,
412212,,78469,78440,
412213,,78469,78463,
412214,,78469,78464,
412215,,78469,78465,
412216,,78469,78438,
412217,,78469,78439,
412218,,78445,78467,
412219,,78445,78468,
412220,,78445,78470,
412221,,78445,78469,
412222,,78445,78445,
412223,,78445,78462,
412224,,78445,78461,
412225,,78445,78460,
412226,,78445,78459,
412227,,78445,78458,
412228,,78445,78457,
412229,,78445,78443,
412230,,78445,78442,
412231,,78445,78441,
412232,,78445,78421,
412233,,78445,78422,
412234,,78445,78423,
412235,,78445,78424,
412236,,78445,78425,
412237,,78445,78426,
412238,,78445,78427,
412239,,78445,78428,
412240,,78445,78429,
412241,,78445,78444,
412242,,78445,78446,
412243,,78445,78437,
412244,,78445,78436,
412245,,78445,78466,
412246,,78445,78435,
412247,,78445,78434,
412248,,78445,78433,
412249,,78445,78432,
412250,,78445,78431,
412251,,78445,78430,
412252,,78445,78447,
412253,,78445,78448,
412254,,78445,78449,
412255,,78445,78450,
412256,,78445,78451,
412257,,78445,78452,
412258,,78445,78453,
412259,,78445,78454,
412260,,78445,78455,
412261,,78445,78456,
412262,,78445,78440,
412263,,78445,78463,
412264,,78445,78464,
412265,,78445,78465,
412266,,78445,78438,
412267,,78445,78439,
412268,,78462,78467,
412269,,78462,78468,
412270,,78462,78470,
412271,,78462,78469,
412272,,78462,78445,
412273,,78462,78462,
412274,,78462,78461,
412275,,78462,78460,
412276,,78462,78459,
412277,,78462,78458,
412278,,78462,78457,
412279,,78462,78443,
412280,,78462,78442,
412281,,78462,78441,
412282,,78462,78421,
412283,,78462,78422,
412284,,78462,78423,
412285,,78462,78424,
412286,,78462,78425,
412287,,78462,78426,
412288,,78462,78427,
412289,,78462,78428,
412290,,78462,78429,
412291,,78462,78444,
412292,,78462,78446,
412293,,78462,78437,
412294,,78462,78436,
412295,,78462,78466,
412296,,78462,78435,
412297,,78462,78434,
412298,,78462,78433,
412299,,78462,78432,
412300,,78462,78431,
412301,,78462,78430,
412302,,78462,78447,
412303,,78462,78448,
412304,,78462,78449,
412305,,78462,78450,
412306,,78462,78451,
412307,,78462,78452,
412308,,78462,78453,
412309,,78462,78454,
412310,,78462,78455,
412311,,78462,78456,
412312,,78462,78440,
412313,,78462,78463,
412314,,78462,78464,
412315,,78462,78465,
412316,,78462,78438,
412317,,78462,78439,
412318,,78461,78467,
412319,,78461,78468,
412320,,78461,78470,
412321,,78461,78469,
412322,,78461,78445,
412323,,78461,78462,
412324,,78461,78461,
412325,,78461,78460,
412326,,78461,78459,
412327,,78461,78458,
412328,,78461,78457,
412329,,78461,78443,
412330,,78461,78442,
412331,,78461,78441,
412332,,78461,78421,
412333,,78461,78422,
412334,,78461,78423,
412335,,78461,78424,
412336,,78461,78425,
412337,,78461,78426,
412338,,78461,78427,
412339,,78461,78428,
412340,,78461,78429,
412341,,78461,78444,
412342,,78461,78446,
412343,,78461,78437,
412344,,78461,78436,
412345,,78461,78466,
412346,,78461,78435,
412347,,78461,78434,
412348,,78461,78433,
412349,,78461,78432,
412350,,78461,78431,
412351,,78461,78430,
412352,,78461,78447,
412353,,78461,78448,
412354,,78461,78449,
412355,,78461,78450,
412356,,78461,78451,
412357,,78461,78452,
412358,,78461,78453,
412359,,78461,78454,
412360,,78461,78455,
412361,,78461,78456,
412362,,78461,78440,
412363,,78461,78463,
412364,,78461,78464,
412365,,78461,78465,
412366,,78461,78438,
412367,,78461,78439,
412368,,78460,78467,
412369,,78460,78468,
412370,,78460,78470,
412371,,78460,78469,
412372,,78460,78445,
412373,,78460,78462,
412374,,78460,78461,
412375,,78460,78460,
412376,,78460,78459,
412377,,78460,78458,
412378,,78460,78457,
412379,,78460,78443,
412380,,78460,78442,
412381,,78460,78441,
412382,,78460,78421,
412383,,78460,78422,
412384,,78460,78423,
412385,,78460,78424,
412386,,78460,78425,
412387,,78460,78426,
412388,,78460,78427,
412389,,78460,78428,
412390,,78460,78429,
412391,,78460,78444,
412392,,78460,78446,
412393,,78460,78437,
412394,,78460,78436,
412395,,78460,78466,
412396,,78460,78435,
412397,,78460,78434,
412398,,78460,78433,
412399,,78460,78432,
412400,,78460,78431,
412401,,78460,78430,
412402,,78460,78447,
412403,,78460,78448,
412404,,78460,78449,
412405,,78460,78450,
412406,,78460,78451,
412407,,78460,78452,
412408,,78460,78453,
412409,,78460,78454,
412410,,78460,78455,
412411,,78460,78456,
412412,,78460,78440,
412413,,78460,78463,
412414,,78460,78464,
412415,,78460,78465,
412416,,78460,78438,
412417,,78460,78439,
412418,,78459,78467,
412419,,78459,78468,
412420,,78459,78470,
412421,,78459,78469,
412422,,78459,78445,
412423,,78459,78462,
412424,,78459,78461,
412425,,78459,78460,
412426,,78459,78459,
412427,,78459,78458,
412428,,78459,78457,
412429,,78459,78443,
412430,,78459,78442,
412431,,78459,78441,
412432,,78459,78421,
412433,,78459,78422,
412434,,78459,78423,
412435,,78459,78424,
412436,,78459,78425,
412437,,78459,78426,
412438,,78459,78427,
412439,,78459,78428,
412440,,78459,78429,
412441,,78459,78444,
412442,,78459,78446,
412443,,78459,78437,
412444,,78459,78436,
412445,,78459,78466,
412446,,78459,78435,
412447,,78459,78434,
412448,,78459,78433,
412449,,78459,78432,
412450,,78459,78431,
412451,,78459,78430,
412452,,78459,78447,
412453,,78459,78448,
412454,,78459,78449,
412455,,78459,78450,
412456,,78459,78451,
412457,,78459,78452,
412458,,78459,78453,
412459,,78459,78454,
412460,,78459,78455,
412461,,78459,78456,
412462,,78459,78440,
412463,,78459,78463,
412464,,78459,78464,
412465,,78459,78465,
412466,,78459,78438,
412467,,78459,78439,
412468,,78458,78467,
412469,,78458,78468,
412470,,78458,78470,
412471,,78458,78469,
412472,,78458,78445,
412473,,78458,78462,
412474,,78458,78461,
412475,,78458,78460,
412476,,78458,78459,
412477,,78458,78458,
412478,,78458,78457,
412479,,78458,78443,
412480,,78458,78442,
412481,,78458,78441,
412482,,78458,78421,
412483,,78458,78422,
412484,,78458,78423,
412485,,78458,78424,
412486,,78458,78425,
412487,,78458,78426,
412488,,78458,78427,
412489,,78458,78428,
412490,,78458,78429,
412491,,78458,78444,
412492,,78458,78446,
412493,,78458,78437,
412494,,78458,78436,
412495,,78458,78466,
412496,,78458,78435,
412497,,78458,78434,
412498,,78458,78433,
412499,,78458,78432,
412500,,78458,78431,
412501,,78458,78430,
412502,,78458,78447,
412503,,78458,78448,
412504,,78458,78449,
412505,,78458,78450,
412506,,78458,78451,
412507,,78458,78452,
412508,,78458,78453,
412509,,78458,78454,
412510,,78458,78455,
412511,,78458,78456,
412512,,78458,78440,
412513,,78458,78463,
412514,,78458,78464,
412515,,78458,78465,
412516,,78458,78438,
412517,,78458,78439,
412518,,78457,78467,
412519,,78457,78468,
412520,,78457,78470,
412521,,78457,78469,
412522,,78457,78445,
412523,,78457,78462,
412524,,78457,78461,
412525,,78457,78460,
412526,,78457,78459,
412527,,78457,78458,
412528,,78457,78457,
412529,,78457,78443,
412530,,78457,78442,
412531,,78457,78441,
412532,,78457,78421,
412533,,78457,78422,
412534,,78457,78423,
412535,,78457,78424,
412536,,78457,78425,
412537,,78457,78426,
412538,,78457,78427,
412539,,78457,78428,
412540,,78457,78429,
412541,,78457,78444,
412542,,78457,78446,
412543,,78457,78437,
412544,,78457,78436,
412545,,78457,78466,
412546,,78457,78435,
412547,,78457,78434,
412548,,78457,78433,
412549,,78457,78432,
412550,,78457,78431,
412551,,78457,78430,
412552,,78457,78447,
412553,,78457,78448,
412554,,78457,78449,
412555,,78457,78450,
412556,,78457,78451,
412557,,78457,78452,
412558,,78457,78453,
412559,,78457,78454,
412560,,78457,78455,
412561,,78457,78456,
412562,,78457,78440,
412563,,78457,78463,
412564,,78457,78464,
412565,,78457,78465,
412566,,78457,78438,
412567,,78457,78439,
412568,,78443,78467,
412569,,78443,78468,
412570,,78443,78470,
412571,,78443,78469,
412572,,78443,78445,
412573,,78443,78462,
412574,,78443,78461,
412575,,78443,78460,
412576,,78443,78459,
412577,,78443,78458,
412578,,78443,78457,
412579,,78443,78443,
412580,,78443,78442,
412581,,78443,78441,
412582,,78443,78421,
412583,,78443,78422,
412584,,78443,78423,
412585,,78443,78424,
412586,,78443,78425,
412587,,78443,78426,
412588,,78443,78427,
412589,,78443,78428,
412590,,78443,78429,
412591,,78443,78444,
412592,,78443,78446,
412593,,78443,78437,
412594,,78443,78436,
412595,,78443,78466,
412596,,78443,78435,
412597,,78443,78434,
412598,,78443,78433,
412599,,78443,78432,
412600,,78443,78431,
412601,,78443,78430,
412602,,78443,78447,
412603,,78443,78448,
412604,,78443,78449,
412605,,78443,78450,
412606,,78443,78451,
412607,,78443,78452,
412608,,78443,78453,
412609,,78443,78454,
412610,,78443,78455,
412611,,78443,78456,
412612,,78443,78440,
412613,,78443,78463,
412614,,78443,78464,
412615,,78443,78465,
412616,,78443,78438,
412617,,78443,78439,
412618,,78442,78467,
412619,,78442,78468,
412620,,78442,78470,
412621,,78442,78469,
412622,,78442,78445,
412623,,78442,78462,
412624,,78442,78461,
412625,,78442,78460,
412626,,78442,78459,
412627,,78442,78458,
412628,,78442,78457,
412629,,78442,78443,
412630,,78442,78442,
412631,,78442,78441,
412632,,78442,78421,
412633,,78442,78422,
412634,,78442,78423,
412635,,78442,78424,
412636,,78442,78425,
412637,,78442,78426,
412638,,78442,78427,
412639,,78442,78428,
412640,,78442,78429,
412641,,78442,78444,
412642,,78442,78446,
412643,,78442,78437,
412644,,78442,78436,
412645,,78442,78466,
412646,,78442,78435,
412647,,78442,78434,
412648,,78442,78433,
412649,,78442,78432,
412650,,78442,78431,
412651,,78442,78430,
412652,,78442,78447,
412653,,78442,78448,
412654,,78442,78449,
412655,,78442,78450,
412656,,78442,78451,
412657,,78442,78452,
412658,,78442,78453,
412659,,78442,78454,
412660,,78442,78455,
412661,,78442,78456,
412662,,78442,78440,
412663,,78442,78463,
412664,,78442,78464,
412665,,78442,78465,
412666,,78442,78438,
412667,,78442,78439,
412668,,78441,78467,
412669,,78441,78468,
412670,,78441,78470,
412671,,78441,78469,
412672,,78441,78445,
412673,,78441,78462,
412674,,78441,78461,
412675,,78441,78460,
412676,,78441,78459,
412677,,78441,78458,
412678,,78441,78457,
412679,,78441,78443,
412680,,78441,78442,
412681,,78441,78441,
412682,,78441,78421,
412683,,78441,78422,
412684,,78441,78423,
412685,,78441,78424,
412686,,78441,78425,
412687,,78441,78426,
412688,,78441,78427,
412689,,78441,78428,
412690,,78441,78429,
412691,,78441,78444,
412692,,78441,78446,
412693,,78441,78437,
412694,,78441,78436,
412695,,78441,78466,
412696,,78441,78435,
412697,,78441,78434,
412698,,78441,78433,
412699,,78441,78432,
412700,,78441,78431,
412701,,78441,78430,
412702,,78441,78447,
412703,,78441,78448,
412704,,78441,78449,
412705,,78441,78450,
412706,,78441,78451,
412707,,78441,78452,
412708,,78441,78453,
412709,,78441,78454,
412710,,78441,78455,
412711,,78441,78456,
412712,,78441,78440,
412713,,78441,78463,
412714,,78441,78464,
412715,,78441,78465,
412716,,78441,78438,
412717,,78441,78439,
412718,,78421,78467,
412719,,78421,78468,
412720,,78421,78470,
412721,,78421,78469,
412722,,78421,78445,
412723,,78421,78462,
412724,,78421,78461,
412725,,78421,78460,
412726,,78421,78459,
412727,,78421,78458,
412728,,78421,78457,
412729,,78421,78443,
412730,,78421,78442,
412731,,78421,78441,
412732,,78421,78421,
412733,,78421,78422,
412734,,78421,78423,
412735,,78421,78424,
412736,,78421,78425,
412737,,78421,78426,
412738,,78421,78427,
412739,,78421,78428,
412740,,78421,78429,
412741,,78421,78444,
412742,,78421,78446,
412743,,78421,78437,
412744,,78421,78436,
412745,,78421,78466,
412746,,78421,78435,
412747,,78421,78434,
412748,,78421,78433,
412749,,78421,78432,
412750,,78421,78431,
412751,,78421,78430,
412752,,78421,78447,
412753,,78421,78448,
412754,,78421,78449,
412755,,78421,78450,
412756,,78421,78451,
412757,,78421,78452,
412758,,78421,78453,
412759,,78421,78454,
412760,,78421,78455,
412761,,78421,78456,
412762,,78421,78440,
412763,,78421,78463,
412764,,78421,78464,
412765,,78421,78465,
412766,,78421,78438,
412767,,78421,78439,
412768,,78422,78467,
412769,,78422,78468,
412770,,78422,78470,
412771,,78422,78469,
412772,,78422,78445,
412773,,78422,78462,
412774,,78422,78461,
412775,,78422,78460,
412776,,78422,78459,
412777,,78422,78458,
412778,,78422,78457,
412779,,78422,78443,
412780,,78422,78442,
412781,,78422,78441,
412782,,78422,78421,
412783,,78422,78422,
412784,,78422,78423,
412785,,78422,78424,
412786,,78422,78425,
412787,,78422,78426,
412788,,78422,78427,
412789,,78422,78428,
412790,,78422,78429,
412791,,78422,78444,
412792,,78422,78446,
412793,,78422,78437,
412794,,78422,78436,
412795,,78422,78466,
412796,,78422,78435,
412797,,78422,78434,
412798,,78422,78433,
412799,,78422,78432,
412800,,78422,78431,
412801,,78422,78430,
412802,,78422,78447,
412803,,78422,78448,
412804,,78422,78449,
412805,,78422,78450,
412806,,78422,78451,
412807,,78422,78452,
412808,,78422,78453,
412809,,78422,78454,
412810,,78422,78455,
412811,,78422,78456,
412812,,78422,78440,
412813,,78422,78463,
412814,,78422,78464,
412815,,78422,78465,
412816,,78422,78438,
412817,,78422,78439,
412818,,78423,78467,
412819,,78423,78468,
412820,,78423,78470,
412821,,78423,78469,
412822,,78423,78445,
412823,,78423,78462,
412824,,78423,78461,
412825,,78423,78460,
412826,,78423,78459,
412827,,78423,78458,
412828,,78423,78457,
412829,,78423,78443,
412830,,78423,78442,
412831,,78423,78441,
412832,,78423,78421,
412833,,78423,78422,
412834,,78423,78423,
412835,,78423,78424,
412836,,78423,78425,
412837,,78423,78426,
412838,,78423,78427,
412839,,78423,78428,
412840,,78423,78429,
412841,,78423,78444,
412842,,78423,78446,
412843,,78423,78437,
412844,,78423,78436,
412845,,78423,78466,
412846,,78423,78435,
412847,,78423,78434,
412848,,78423,78433,
412849,,78423,78432,
412850,,78423,78431,
412851,,78423,78430,
412852,,78423,78447,
412853,,78423,78448,
412854,,78423,78449,
412855,,78423,78450,
412856,,78423,78451,
412857,,78423,78452,
412858,,78423,78453,
412859,,78423,78454,
412860,,78423,78455,
412861,,78423,78456,
412862,,78423,78440,
412863,,78423,78463,
412864,,78423,78464,
412865,,78423,78465,
412866,,78423,78438,
412867,,78423,78439,
412868,,78424,78467,
412869,,78424,78468,
412870,,78424,78470,
412871,,78424,78469,
412872,,78424,78445,
412873,,78424,78462,
412874,,78424,78461,
412875,,78424,78460,
412876,,78424,78459,
412877,,78424,78458,
412878,,78424,78457,
412879,,78424,78443,
412880,,78424,78442,
412881,,78424,78441,
412882,,78424,78421,
412883,,78424,78422,
412884,,78424,78423,
412885,,78424,78424,
412886,,78424,78425,
412887,,78424,78426,
412888,,78424,78427,
412889,,78424,78428,
412890,,78424,78429,
412891,,78424,78444,
412892,,78424,78446,
412893,,78424,78437,
412894,,78424,78436,
412895,,78424,78466,
412896,,78424,78435,
412897,,78424,78434,
412898,,78424,78433,
412899,,78424,78432,
412900,,78424,78431,
412901,,78424,78430,
412902,,78424,78447,
412903,,78424,78448,
412904,,78424,78449,
412905,,78424,78450,
412906,,78424,78451,
412907,,78424,78452,
412908,,78424,78453,
412909,,78424,78454,
412910,,78424,78455,
412911,,78424,78456,
412912,,78424,78440,
412913,,78424,78463,
412914,,78424,78464,
412915,,78424,78465,
412916,,78424,78438,
412917,,78424,78439,
412918,,78425,78467,
412919,,78425,78468,
412920,,78425,78470,
412921,,78425,78469,
412922,,78425,78445,
412923,,78425,78462,
412924,,78425,78461,
412925,,78425,78460,
412926,,78425,78459,
412927,,78425,78458,
412928,,78425,78457,
412929,,78425,78443,
412930,,78425,78442,
412931,,78425,78441,
412932,,78425,78421,
412933,,78425,78422,
412934,,78425,78423,
412935,,78425,78424,
412936,,78425,78425,
412937,,78425,78426,
412938,,78425,78427,
412939,,78425,78428,
412940,,78425,78429,
412941,,78425,78444,
412942,,78425,78446,
412943,,78425,78437,
412944,,78425,78436,
412945,,78425,78466,
412946,,78425,78435,
412947,,78425,78434,
412948,,78425,78433,
412949,,78425,78432,
412950,,78425,78431,
412951,,78425,78430,
412952,,78425,78447,
412953,,78425,78448,
412954,,78425,78449,
412955,,78425,78450,
412956,,78425,78451,
412957,,78425,78452,
412958,,78425,78453,
412959,,78425,78454,
412960,,78425,78455,
412961,,78425,78456,
412962,,78425,78440,
412963,,78425,78463,
412964,,78425,78464,
412965,,78425,78465,
412966,,78425,78438,
412967,,78425,78439,
412968,,78426,78467,
412969,,78426,78468,
412970,,78426,78470,
412971,,78426,78469,
412972,,78426,78445,
412973,,78426,78462,
412974,,78426,78461,
412975,,78426,78460,
412976,,78426,78459,
412977,,78426,78458,
412978,,78426,78457,
412979,,78426,78443,
412980,,78426,78442,
412981,,78426,78441,
412982,,78426,78421,
412983,,78426,78422,
412984,,78426,78423,
412985,,78426,78424,
412986,,78426,78425,
412987,,78426,78426,
412988,,78426,78427,
412989,,78426,78428,
412990,,78426,78429,
412991,,78426,78444,
412992,,78426,78446,
412993,,78426,78437,
412994,,78426,78436,
412995,,78426,78466,
412996,,78426,78435,
412997,,78426,78434,
412998,,78426,78433,
412999,,78426,78432,
413000,,78426,78431,
413001,,78426,78430,
413002,,78426,78447,
413003,,78426,78448,
413004,,78426,78449,
413005,,78426,78450,
413006,,78426,78451,
413007,,78426,78452,
413008,,78426,78453,
413009,,78426,78454,
413010,,78426,78455,
413011,,78426,78456,
413012,,78426,78440,
413013,,78426,78463,
413014,,78426,78464,
413015,,78426,78465,
413016,,78426,78438,
413017,,78426,78439,
413018,,78427,78467,
413019,,78427,78468,
413020,,78427,78470,
413021,,78427,78469,
413022,,78427,78445,
413023,,78427,78462,
413024,,78427,78461,
413025,,78427,78460,
413026,,78427,78459,
413027,,78427,78458,
413028,,78427,78457,
413029,,78427,78443,
413030,,78427,78442,
413031,,78427,78441,
413032,,78427,78421,
413033,,78427,78422,
413034,,78427,78423,
413035,,78427,78424,
413036,,78427,78425,
413037,,78427,78426,
413038,,78427,78427,
413039,,78427,78428,
413040,,78427,78429,
413041,,78427,78444,
413042,,78427,78446,
413043,,78427,78437,
413044,,78427,78436,
413045,,78427,78466,
413046,,78427,78435,
413047,,78427,78434,
413048,,78427,78433,
413049,,78427,78432,
413050,,78427,78431,
413051,,78427,78430,
413052,,78427,78447,
413053,,78427,78448,
413054,,78427,78449,
413055,,78427,78450,
413056,,78427,78451,
413057,,78427,78452,
413058,,78427,78453,
413059,,78427,78454,
413060,,78427,78455,
413061,,78427,78456,
413062,,78427,78440,
413063,,78427,78463,
413064,,78427,78464,
413065,,78427,78465,
413066,,78427,78438,
413067,,78427,78439,
413068,,78428,78467,
413069,,78428,78468,
413070,,78428,78470,
413071,,78428,78469,
413072,,78428,78445,
413073,,78428,78462,
413074,,78428,78461,
413075,,78428,78460,
413076,,78428,78459,
413077,,78428,78458,
413078,,78428,78457,
413079,,78428,78443,
413080,,78428,78442,
413081,,78428,78441,
413082,,78428,78421,
413083,,78428,78422,
413084,,78428,78423,
413085,,78428,78424,
413086,,78428,78425,
413087,,78428,78426,
413088,,78428,78427,
413089,,78428,78428,
413090,,78428,78429,
413091,,78428,78444,
413092,,78428,78446,
413093,,78428,78437,
413094,,78428,78436,
413095,,78428,78466,
413096,,78428,78435,
413097,,78428,78434,
413098,,78428,78433,
413099,,78428,78432,
413100,,78428,78431,
413101,,78428,78430,
413102,,78428,78447,
413103,,78428,78448,
413104,,78428,78449,
413105,,78428,78450,
413106,,78428,78451,
413107,,78428,78452,
413108,,78428,78453,
413109,,78428,78454,
413110,,78428,78455,
413111,,78428,78456,
413112,,78428,78440,
413113,,78428,78463,
413114,,78428,78464,
413115,,78428,78465,
413116,,78428,78438,
413117,,78428,78439,
413118,,78429,78467,
413119,,78429,78468,
413120,,78429,78470,
413121,,78429,78469,
413122,,78429,78445,
413123,,78429,78462,
413124,,78429,78461,
413125,,78429,78460,
413126,,78429,78459,
413127,,78429,78458,
413128,,78429,78457,
413129,,78429,78443,
413130,,78429,78442,
413131,,78429,78441,
413132,,78429,78421,
413133,,78429,78422,
413134,,78429,78423,
413135,,78429,78424,
413136,,78429,78425,
413137,,78429,78426,
413138,,78429,78427,
413139,,78429,78428,
413140,,78429,78429,
413141,,78429,78444,
413142,,78429,78446,
413143,,78429,78437,
413144,,78429,78436,
413145,,78429,78466,
413146,,78429,78435,
413147,,78429,78434,
413148,,78429,78433,
413149,,78429,78432,
413150,,78429,78431,
413151,,78429,78430,
413152,,78429,78447,
413153,,78429,78448,
413154,,78429,78449,
413155,,78429,78450,
413156,,78429,78451,
413157,,78429,78452,
413158,,78429,78453,
413159,,78429,78454,
413160,,78429,78455,
413161,,78429,78456,
413162,,78429,78440,
413163,,78429,78463,
413164,,78429,78464,
413165,,78429,78465,
413166,,78429,78438,
413167,,78429,78439,
413168,,78444,78467,
413169,,78444,78468,
413170,,78444,78470,
413171,,78444,78469,
413172,,78444,78445,
413173,,78444,78462,
413174,,78444,78461,
413175,,78444,78460,
413176,,78444,78459,
413177,,78444,78458,
413178,,78444,78457,
413179,,78444,78443,
413180,,78444,78442,
413181,,78444,78441,
413182,,78444,78421,
413183,,78444,78422,
413184,,78444,78423,
413185,,78444,78424,
413186,,78444,78425,
413187,,78444,78426,
413188,,78444,78427,
413189,,78444,78428,
413190,,78444,78429,
413191,,78444,78444,
413192,,78444,78446,
413193,,78444,78437,
413194,,78444,78436,
413195,,78444,78466,
413196,,78444,78435,
413197,,78444,78434,
413198,,78444,78433,
413199,,78444,78432,
413200,,78444,78431,
413201,,78444,78430,
413202,,78444,78447,
413203,,78444,78448,
413204,,78444,78449,
413205,,78444,78450,
413206,,78444,78451,
413207,,78444,78452,
413208,,78444,78453,
413209,,78444,78454,
413210,,78444,78455,
413211,,78444,78456,
413212,,78444,78440,
413213,,78444,78463,
413214,,78444,78464,
413215,,78444,78465,
413216,,78444,78438,
413217,,78444,78439,
413218,,78446,78467,
413219,,78446,78468,
413220,,78446,78470,
413221,,78446,78469,
413222,,78446,78445,
413223,,78446,78462,
413224,,78446,78461,
413225,,78446,78460,
413226,,78446,78459,
413227,,78446,78458,
413228,,78446,78457,
413229,,78446,78443,
413230,,78446,78442,
413231,,78446,78441,
413232,,78446,78421,
413233,,78446,78422,
413234,,78446,78423,
413235,,78446,78424,
413236,,78446,78425,
413237,,78446,78426,
413238,,78446,78427,
413239,,78446,78428,
413240,,78446,78429,
413241,,78446,78444,
413242,,78446,78446,
413243,,78446,78437,
413244,,78446,78436,
413245,,78446,78466,
413246,,78446,78435,
413247,,78446,78434,
413248,,78446,78433,
413249,,78446,78432,
413250,,78446,78431,
413251,,78446,78430,
413252,,78446,78447,
413253,,78446,78448,
413254,,78446,78449,
413255,,78446,78450,
413256,,78446,78451,
413257,,78446,78452,
413258,,78446,78453,
413259,,78446,78454,
413260,,78446,78455,
413261,,78446,78456,
413262,,78446,78440,
413263,,78446,78463,
413264,,78446,78464,
413265,,78446,78465,
413266,,78446,78438,
413267,,78446,78439,
413268,,78437,78467,
413269,,78437,78468,
413270,,78437,78470,
413271,,78437,78469,
413272,,78437,78445,
413273,,78437,78462,
413274,,78437,78461,
413275,,78437,78460,
413276,,78437,78459,
413277,,78437,78458,
413278,,78437,78457,
413279,,78437,78443,
413280,,78437,78442,
413281,,78437,78441,
413282,,78437,78421,
413283,,78437,78422,
413284,,78437,78423,
413285,,78437,78424,
413286,,78437,78425,
413287,,78437,78426,
413288,,78437,78427,
413289,,78437,78428,
413290,,78437,78429,
413291,,78437,78444,
413292,,78437,78446,
413293,,78437,78437,
413294,,78437,78436,
413295,,78437,78466,
413296,,78437,78435,
413297,,78437,78434,
413298,,78437,78433,
413299,,78437,78432,
413300,,78437,78431,
413301,,78437,78430,
413302,,78437,78447,
413303,,78437,78448,
413304,,78437,78449,
413305,,78437,78450,
413306,,78437,78451,
413307,,78437,78452,
413308,,78437,78453,
413309,,78437,78454,
413310,,78437,78455,
413311,,78437,78456,
413312,,78437,78440,
413313,,78437,78463,
413314,,78437,78464,
413315,,78437,78465,
413316,,78437,78438,
413317,,78437,78439,
413318,,78436,78467,
413319,,78436,78468,
413320,,78436,78470,
413321,,78436,78469,
413322,,78436,78445,
413323,,78436,78462,
413324,,78436,78461,
413325,,78436,78460,
413326,,78436,78459,
413327,,78436,78458,
413328,,78436,78457,
413329,,78436,78443,
413330,,78436,78442,
413331,,78436,78441,
413332,,78436,78421,
413333,,78436,78422,
413334,,78436,78423,
413335,,78436,78424,
413336,,78436,78425,
413337,,78436,78426,
413338,,78436,78427,
413339,,78436,78428,
413340,,78436,78429,
413341,,78436,78444,
413342,,78436,78446,
413343,,78436,78437,
413344,,78436,78436,
413345,,78436,78466,
413346,,78436,78435,
413347,,78436,78434,
413348,,78436,78433,
413349,,78436,78432,
413350,,78436,78431,
413351,,78436,78430,
413352,,78436,78447,
413353,,78436,78448,
413354,,78436,78449,
413355,,78436,78450,
413356,,78436,78451,
413357,,78436,78452,
413358,,78436,78453,
413359,,78436,78454,
413360,,78436,78455,
413361,,78436,78456,
413362,,78436,78440,
413363,,78436,78463,
413364,,78436,78464,
413365,,78436,78465,
413366,,78436,78438,
413367,,78436,78439,
413368,,78466,78467,
413369,,78466,78468,
413370,,78466,78470,
413371,,78466,78469,
413372,,78466,78445,
413373,,78466,78462,
413374,,78466,78461,
413375,,78466,78460,
413376,,78466,78459,
413377,,78466,78458,
413378,,78466,78457,
413379,,78466,78443,
413380,,78466,78442,
413381,,78466,78441,
413382,,78466,78421,
413383,,78466,78422,
413384,,78466,78423,
413385,,78466,78424,
413386,,78466,78425,
413387,,78466,78426,
413388,,78466,78427,
413389,,78466,78428,
413390,,78466,78429,
413391,,78466,78444,
413392,,78466,78446,
413393,,78466,78437,
413394,,78466,78436,
413395,,78466,78466,
413396,,78466,78435,
413397,,78466,78434,
413398,,78466,78433,
413399,,78466,78432,
413400,,78466,78431,
413401,,78466,78430,
413402,,78466,78447,
413403,,78466,78448,
413404,,78466,78449,
413405,,78466,78450,
413406,,78466,78451,
413407,,78466,78452,
413408,,78466,78453,
413409,,78466,78454,
413410,,78466,78455,
413411,,78466,78456,
413412,,78466,78440,
413413,,78466,78463,
413414,,78466,78464,
413415,,78466,78465,
413416,,78466,78438,
413417,,78466,78439,
413418,,78435,78467,
413419,,78435,78468,
413420,,78435,78470,
413421,,78435,78469,
413422,,78435,78445,
413423,,78435,78462,
413424,,78435,78461,
413425,,78435,78460,
413426,,78435,78459,
413427,,78435,78458,
413428,,78435,78457,
413429,,78435,78443,
413430,,78435,78442,
413431,,78435,78441,
413432,,78435,78421,
413433,,78435,78422,
413434,,78435,78423,
413435,,78435,78424,
413436,,78435,78425,
413437,,78435,78426,
413438,,78435,78427,
413439,,78435,78428,
413440,,78435,78429,
413441,,78435,78444,
413442,,78435,78446,
413443,,78435,78437,
413444,,78435,78436,
413445,,78435,78466,
413446,,78435,78435,
413447,,78435,78434,
413448,,78435,78433,
413449,,78435,78432,
413450,,78435,78431,
413451,,78435,78430,
413452,,78435,78447,
413453,,78435,78448,
413454,,78435,78449,
413455,,78435,78450,
413456,,78435,78451,
413457,,78435,78452,
413458,,78435,78453,
413459,,78435,78454,
413460,,78435,78455,
413461,,78435,78456,
413462,,78435,78440,
413463,,78435,78463,
413464,,78435,78464,
413465,,78435,78465,
413466,,78435,78438,
413467,,78435,78439,
413468,,78434,78467,
413469,,78434,78468,
413470,,78434,78470,
413471,,78434,78469,
413472,,78434,78445,
413473,,78434,78462,
413474,,78434,78461,
413475,,78434,78460,
413476,,78434,78459,
413477,,78434,78458,
413478,,78434,78457,
413479,,78434,78443,
413480,,78434,78442,
413481,,78434,78441,
413482,,78434,78421,
413483,,78434,78422,
413484,,78434,78423,
413485,,78434,78424,
413486,,78434,78425,
413487,,78434,78426,
413488,,78434,78427,
413489,,78434,78428,
413490,,78434,78429,
413491,,78434,78444,
413492,,78434,78446,
413493,,78434,78437,
413494,,78434,78436,
413495,,78434,78466,
413496,,78434,78435,
413497,,78434,78434,
413498,,78434,78433,
413499,,78434,78432,
413500,,78434,78431,
413501,,78434,78430,
413502,,78434,78447,
413503,,78434,78448,
413504,,78434,78449,
413505,,78434,78450,
413506,,78434,78451,
413507,,78434,78452,
413508,,78434,78453,
413509,,78434,78454,
413510,,78434,78455,
413511,,78434,78456,
413512,,78434,78440,
413513,,78434,78463,
413514,,78434,78464,
413515,,78434,78465,
413516,,78434,78438,
413517,,78434,78439,
413518,,78433,78467,
413519,,78433,78468,
413520,,78433,78470,
413521,,78433,78469,
413522,,78433,78445,
413523,,78433,78462,
413524,,78433,78461,
413525,,78433,78460,
413526,,78433,78459,
413527,,78433,78458,
413528,,78433,78457,
413529,,78433,78443,
413530,,78433,78442,
413531,,78433,78441,
413532,,78433,78421,
413533,,78433,78422,
413534,,78433,78423,
413535,,78433,78424,
413536,,78433,78425,
413537,,78433,78426,
413538,,78433,78427,
413539,,78433,78428,
413540,,78433,78429,
413541,,78433,78444,
413542,,78433,78446,
413543,,78433,78437,
413544,,78433,78436,
413545,,78433,78466,
413546,,78433,78435,
413547,,78433,78434,
413548,,78433,78433,
413549,,78433,78432,
413550,,78433,78431,
413551,,78433,78430,
413552,,78433,78447,
413553,,78433,78448,
413554,,78433,78449,
413555,,78433,78450,
413556,,78433,78451,
413557,,78433,78452,
413558,,78433,78453,
413559,,78433,78454,
413560,,78433,78455,
413561,,78433,78456,
413562,,78433,78440,
413563,,78433,78463,
413564,,78433,78464,
413565,,78433,78465,
413566,,78433,78438,
413567,,78433,78439,
413568,,78432,78467,
413569,,78432,78468,
413570,,78432,78470,
413571,,78432,78469,
413572,,78432,78445,
413573,,78432,78462,
413574,,78432,78461,
413575,,78432,78460,
413576,,78432,78459,
413577,,78432,78458,
413578,,78432,78457,
413579,,78432,78443,
413580,,78432,78442,
413581,,78432,78441,
413582,,78432,78421,
413583,,78432,78422,
413584,,78432,78423,
413585,,78432,78424,
413586,,78432,78425,
413587,,78432,78426,
413588,,78432,78427,
413589,,78432,78428,
413590,,78432,78429,
413591,,78432,78444,
413592,,78432,78446,
413593,,78432,78437,
413594,,78432,78436,
413595,,78432,78466,
413596,,78432,78435,
413597,,78432,78434,
413598,,78432,78433,
413599,,78432,78432,
413600,,78432,78431,
413601,,78432,78430,
413602,,78432,78447,
413603,,78432,78448,
413604,,78432,78449,
413605,,78432,78450,
413606,,78432,78451,
413607,,78432,78452,
413608,,78432,78453,
413609,,78432,78454,
413610,,78432,78455,
413611,,78432,78456,
413612,,78432,78440,
413613,,78432,78463,
413614,,78432,78464,
413615,,78432,78465,
413616,,78432,78438,
413617,,78432,78439,
413618,,78431,78467,
413619,,78431,78468,
413620,,78431,78470,
413621,,78431,78469,
413622,,78431,78445,
413623,,78431,78462,
413624,,78431,78461,
413625,,78431,78460,
413626,,78431,78459,
413627,,78431,78458,
413628,,78431,78457,
413629,,78431,78443,
413630,,78431,78442,
413631,,78431,78441,
413632,,78431,78421,
413633,,78431,78422,
413634,,78431,78423,
413635,,78431,78424,
413636,,78431,78425,
413637,,78431,78426,
413638,,78431,78427,
413639,,78431,78428,
413640,,78431,78429,
413641,,78431,78444,
413642,,78431,78446,
413643,,78431,78437,
413644,,78431,78436,
413645,,78431,78466,
413646,,78431,78435,
413647,,78431,78434,
413648,,78431,78433,
413649,,78431,78432,
413650,,78431,78431,
413651,,78431,78430,
413652,,78431,78447,
413653,,78431,78448,
413654,,78431,78449,
413655,,78431,78450,
413656,,78431,78451,
413657,,78431,78452,
413658,,78431,78453,
413659,,78431,78454,
413660,,78431,78455,
413661,,78431,78456,
413662,,78431,78440,
413663,,78431,78463,
413664,,78431,78464,
413665,,78431,78465,
413666,,78431,78438,
413667,,78431,78439,
413668,,78430,78467,
413669,,78430,78468,
413670,,78430,78470,
413671,,78430,78469,
413672,,78430,78445,
413673,,78430,78462,
413674,,78430,78461,
413675,,78430,78460,
413676,,78430,78459,
413677,,78430,78458,
413678,,78430,78457,
413679,,78430,78443,
413680,,78430,78442,
413681,,78430,78441,
413682,,78430,78421,
413683,,78430,78422,
413684,,78430,78423,
413685,,78430,78424,
413686,,78430,78425,
413687,,78430,78426,
413688,,78430,78427,
413689,,78430,78428,
413690,,78430,78429,
413691,,78430,78444,
413692,,78430,78446,
413693,,78430,78437,
413694,,78430,78436,
413695,,78430,78466,
413696,,78430,78435,
413697,,78430,78434,
413698,,78430,78433,
413699,,78430,78432,
413700,,78430,78431,
413701,,78430,78430,
413702,,78430,78447,
413703,,78430,78448,
413704,,78430,78449,
413705,,78430,78450,
413706,,78430,78451,
413707,,78430,78452,
413708,,78430,78453,
413709,,78430,78454,
413710,,78430,78455,
413711,,78430,78456,
413712,,78430,78440,
413713,,78430,78463,
413714,,78430,78464,
413715,,78430,78465,
413716,,78430,78438,
413717,,78430,78439,
413718,,78447,78467,
413719,,78447,78468,
413720,,78447,78470,
413721,,78447,78469,
413722,,78447,78445,
413723,,78447,78462,
413724,,78447,78461,
413725,,78447,78460,
413726,,78447,78459,
413727,,78447,78458,
413728,,78447,78457,
413729,,78447,78443,
413730,,78447,78442,
413731,,78447,78441,
413732,,78447,78421,
413733,,78447,78422,
413734,,78447,78423,
413735,,78447,78424,
413736,,78447,78425,
413737,,78447,78426,
413738,,78447,78427,
413739,,78447,78428,
413740,,78447,78429,
413741,,78447,78444,
413742,,78447,78446,
413743,,78447,78437,
413744,,78447,78436,
413745,,78447,78466,
413746,,78447,78435,
413747,,78447,78434,
413748,,78447,78433,
413749,,78447,78432,
413750,,78447,78431,
413751,,78447,78430,
413752,,78447,78447,
413753,,78447,78448,
413754,,78447,78449,
413755,,78447,78450,
413756,,78447,78451,
413757,,78447,78452,
413758,,78447,78453,
413759,,78447,78454,
413760,,78447,78455,
413761,,78447,78456,
413762,,78447,78440,
413763,,78447,78463,
413764,,78447,78464,
413765,,78447,78465,
413766,,78447,78438,
413767,,78447,78439,
413768,,78448,78467,
413769,,78448,78468,
413770,,78448,78470,
413771,,78448,78469,
413772,,78448,78445,
413773,,78448,78462,
413774,,78448,78461,
413775,,78448,78460,
413776,,78448,78459,
413777,,78448,78458,
413778,,78448,78457,
413779,,78448,78443,
413780,,78448,78442,
413781,,78448,78441,
413782,,78448,78421,
413783,,78448,78422,
413784,,78448,78423,
413785,,78448,78424,
413786,,78448,78425,
413787,,78448,78426,
413788,,78448,78427,
413789,,78448,78428,
413790,,78448,78429,
413791,,78448,78444,
413792,,78448,78446,
413793,,78448,78437,
413794,,78448,78436,
413795,,78448,78466,
413796,,78448,78435,
413797,,78448,78434,
413798,,78448,78433,
413799,,78448,78432,
413800,,78448,78431,
413801,,78448,78430,
413802,,78448,78447,
413803,,78448,78448,
413804,,78448,78449,
413805,,78448,78450,
413806,,78448,78451,
413807,,78448,78452,
413808,,78448,78453,
413809,,78448,78454,
413810,,78448,78455,
413811,,78448,78456,
413812,,78448,78440,
413813,,78448,78463,
413814,,78448,78464,
413815,,78448,78465,
413816,,78448,78438,
413817,,78448,78439,
413818,,78449,78467,
413819,,78449,78468,
413820,,78449,78470,
413821,,78449,78469,
413822,,78449,78445,
413823,,78449,78462,
413824,,78449,78461,
413825,,78449,78460,
413826,,78449,78459,
413827,,78449,78458,
413828,,78449,78457,
413829,,78449,78443,
413830,,78449,78442,
413831,,78449,78441,
413832,,78449,78421,
413833,,78449,78422,
413834,,78449,78423,
413835,,78449,78424,
413836,,78449,78425,
413837,,78449,78426,
413838,,78449,78427,
413839,,78449,78428,
413840,,78449,78429,
413841,,78449,78444,
413842,,78449,78446,
413843,,78449,78437,
413844,,78449,78436,
413845,,78449,78466,
413846,,78449,78435,
413847,,78449,78434,
413848,,78449,78433,
413849,,78449,78432,
413850,,78449,78431,
413851,,78449,78430,
413852,,78449,78447,
413853,,78449,78448,
413854,,78449,78449,
413855,,78449,78450,
413856,,78449,78451,
413857,,78449,78452,
413858,,78449,78453,
413859,,78449,78454,
413860,,78449,78455,
413861,,78449,78456,
413862,,78449,78440,
413863,,78449,78463,
413864,,78449,78464,
413865,,78449,78465,
413866,,78449,78438,
413867,,78449,78439,
413868,,78450,78467,
413869,,78450,78468,
413870,,78450,78470,
413871,,78450,78469,
413872,,78450,78445,
413873,,78450,78462,
413874,,78450,78461,
413875,,78450,78460,
413876,,78450,78459,
413877,,78450,78458,
413878,,78450,78457,
413879,,78450,78443,
413880,,78450,78442,
413881,,78450,78441,
413882,,78450,78421,
413883,,78450,78422,
413884,,78450,78423,
413885,,78450,78424,
413886,,78450,78425,
413887,,78450,78426,
413888,,78450,78427,
413889,,78450,78428,
413890,,78450,78429,
413891,,78450,78444,
413892,,78450,78446,
413893,,78450,78437,
413894,,78450,78436,
413895,,78450,78466,
413896,,78450,78435,
413897,,78450,78434,
413898,,78450,78433,
413899,,78450,78432,
413900,,78450,78431,
413901,,78450,78430,
413902,,78450,78447,
413903,,78450,78448,
413904,,78450,78449,
413905,,78450,78450,
413906,,78450,78451,
413907,,78450,78452,
413908,,78450,78453,
413909,,78450,78454,
413910,,78450,78455,
413911,,78450,78456,
413912,,78450,78440,
413913,,78450,78463,
413914,,78450,78464,
413915,,78450,78465,
413916,,78450,78438,
413917,,78450,78439,
413918,,78451,78467,
413919,,78451,78468,
413920,,78451,78470,
413921,,78451,78469,
413922,,78451,78445,
413923,,78451,78462,
413924,,78451,78461,
413925,,78451,78460,
413926,,78451,78459,
413927,,78451,78458,
413928,,78451,78457,
413929,,78451,78443,
413930,,78451,78442,
413931,,78451,78441,
413932,,78451,78421,
413933,,78451,78422,
413934,,78451,78423,
413935,,78451,78424,
413936,,78451,78425,
413937,,78451,78426,
413938,,78451,78427,
413939,,78451,78428,
413940,,78451,78429,
413941,,78451,78444,
413942,,78451,78446,
413943,,78451,78437,
413944,,78451,78436,
413945,,78451,78466,
413946,,78451,78435,
413947,,78451,78434,
413948,,78451,78433,
413949,,78451,78432,
413950,,78451,78431,
413951,,78451,78430,
413952,,78451,78447,
413953,,78451,78448,
413954,,78451,78449,
413955,,78451,78450,
413956,,78451,78451,
413957,,78451,78452,
413958,,78451,78453,
413959,,78451,78454,
413960,,78451,78455,
413961,,78451,78456,
413962,,78451,78440,
413963,,78451,78463,
413964,,78451,78464,
413965,,78451,78465,
413966,,78451,78438,
413967,,78451,78439,
413968,,78452,78467,
413969,,78452,78468,
413970,,78452,78470,
413971,,78452,78469,
413972,,78452,78445,
413973,,78452,78462,
413974,,78452,78461,
413975,,78452,78460,
413976,,78452,78459,
413977,,78452,78458,
413978,,78452,78457,
413979,,78452,78443,
413980,,78452,78442,
413981,,78452,78441,
413982,,78452,78421,
413983,,78452,78422,
413984,,78452,78423,
413985,,78452,78424,
413986,,78452,78425,
413987,,78452,78426,
413988,,78452,78427,
413989,,78452,78428,
413990,,78452,78429,
413991,,78452,78444,
413992,,78452,78446,
413993,,78452,78437,
413994,,78452,78436,
413995,,78452,78466,
413996,,78452,78435,
413997,,78452,78434,
413998,,78452,78433,
413999,,78452,78432,
414000,,78452,78431,
414001,,78452,78430,
414002,,78452,78447,
414003,,78452,78448,
414004,,78452,78449,
414005,,78452,78450,
414006,,78452,78451,
414007,,78452,78452,
414008,,78452,78453,
414009,,78452,78454,
414010,,78452,78455,
414011,,78452,78456,
414012,,78452,78440,
414013,,78452,78463,
414014,,78452,78464,
414015,,78452,78465,
414016,,78452,78438,
414017,,78452,78439,
414018,,78453,78467,
414019,,78453,78468,
414020,,78453,78470,
414021,,78453,78469,
414022,,78453,78445,
414023,,78453,78462,
414024,,78453,78461,
414025,,78453,78460,
414026,,78453,78459,
414027,,78453,78458,
414028,,78453,78457,
414029,,78453,78443,
414030,,78453,78442,
414031,,78453,78441,
414032,,78453,78421,
414033,,78453,78422,
414034,,78453,78423,
414035,,78453,78424,
414036,,78453,78425,
414037,,78453,78426,
414038,,78453,78427,
414039,,78453,78428,
414040,,78453,78429,
414041,,78453,78444,
414042,,78453,78446,
414043,,78453,78437,
414044,,78453,78436,
414045,,78453,78466,
414046,,78453,78435,
414047,,78453,78434,
414048,,78453,78433,
414049,,78453,78432,
414050,,78453,78431,
414051,,78453,78430,
414052,,78453,78447,
414053,,78453,78448,
414054,,78453,78449,
414055,,78453,78450,
414056,,78453,78451,
414057,,78453,78452,
414058,,78453,78453,
414059,,78453,78454,
414060,,78453,78455,
414061,,78453,78456,
414062,,78453,78440,
414063,,78453,78463,
414064,,78453,78464,
414065,,78453,78465,
414066,,78453,78438,
414067,,78453,78439,
414068,,78454,78467,
414069,,78454,78468,
414070,,78454,78470,
414071,,78454,78469,
414072,,78454,78445,
414073,,78454,78462,
414074,,78454,78461,
414075,,78454,78460,
414076,,78454,78459,
414077,,78454,78458,
414078,,78454,78457,
414079,,78454,78443,
414080,,78454,78442,
414081,,78454,78441,
414082,,78454,78421,
414083,,78454,78422,
414084,,78454,78423,
414085,,78454,78424,
414086,,78454,78425,
414087,,78454,78426,
414088,,78454,78427,
414089,,78454,78428,
414090,,78454,78429,
414091,,78454,78444,
414092,,78454,78446,
414093,,78454,78437,
414094,,78454,78436,
414095,,78454,78466,
414096,,78454,78435,
414097,,78454,78434,
414098,,78454,78433,
414099,,78454,78432,
414100,,78454,78431,
414101,,78454,78430,
414102,,78454,78447,
414103,,78454,78448,
414104,,78454,78449,
414105,,78454,78450,
414106,,78454,78451,
414107,,78454,78452,
414108,,78454,78453,
414109,,78454,78454,
414110,,78454,78455,
414111,,78454,78456,
414112,,78454,78440,
414113,,78454,78463,
414114,,78454,78464,
414115,,78454,78465,
414116,,78454,78438,
414117,,78454,78439,
414118,,78455,78467,
414119,,78455,78468,
414120,,78455,78470,
414121,,78455,78469,
414122,,78455,78445,
414123,,78455,78462,
414124,,78455,78461,
414125,,78455,78460,
414126,,78455,78459,
414127,,78455,78458,
414128,,78455,78457,
414129,,78455,78443,
414130,,78455,78442,
414131,,78455,78441,
414132,,78455,78421,
414133,,78455,78422,
414134,,78455,78423,
414135,,78455,78424,
414136,,78455,78425,
414137,,78455,78426,
414138,,78455,78427,
414139,,78455,78428,
414140,,78455,78429,
414141,,78455,78444,
414142,,78455,78446,
414143,,78455,78437,
414144,,78455,78436,
414145,,78455,78466,
414146,,78455,78435,
414147,,78455,78434,
414148,,78455,78433,
414149,,78455,78432,
414150,,78455,78431,
414151,,78455,78430,
414152,,78455,78447,
414153,,78455,78448,
414154,,78455,78449,
414155,,78455,78450,
414156,,78455,78451,
414157,,78455,78452,
414158,,78455,78453,
414159,,78455,78454,
414160,,78455,78455,
414161,,78455,78456,
414162,,78455,78440,
414163,,78455,78463,
414164,,78455,78464,
414165,,78455,78465,
414166,,78455,78438,
414167,,78455,78439,
414168,,78456,78467,
414169,,78456,78468,
414170,,78456,78470,
414171,,78456,78469,
414172,,78456,78445,
414173,,78456,78462,
414174,,78456,78461,
414175,,78456,78460,
414176,,78456,78459,
414177,,78456,78458,
414178,,78456,78457,
414179,,78456,78443,
414180,,78456,78442,
414181,,78456,78441,
414182,,78456,78421,
414183,,78456,78422,
414184,,78456,78423,
414185,,78456,78424,
414186,,78456,78425,
414187,,78456,78426,
414188,,78456,78427,
414189,,78456,78428,
414190,,78456,78429,
414191,,78456,78444,
414192,,78456,78446,
414193,,78456,78437,
414194,,78456,78436,
414195,,78456,78466,
414196,,78456,78435,
414197,,78456,78434,
414198,,78456,78433,
414199,,78456,78432,
414200,,78456,78431,
414201,,78456,78430,
414202,,78456,78447,
414203,,78456,78448,
414204,,78456,78449,
414205,,78456,78450,
414206,,78456,78451,
414207,,78456,78452,
414208,,78456,78453,
414209,,78456,78454,
414210,,78456,78455,
414211,,78456,78456,
414212,,78456,78440,
414213,,78456,78463,
414214,,78456,78464,
414215,,78456,78465,
414216,,78456,78438,
414217,,78456,78439,
414218,,78440,78467,
414219,,78440,78468,
414220,,78440,78470,
414221,,78440,78469,
414222,,78440,78445,
414223,,78440,78462,
414224,,78440,78461,
414225,,78440,78460,
414226,,78440,78459,
414227,,78440,78458,
414228,,78440,78457,
414229,,78440,78443,
414230,,78440,78442,
414231,,78440,78441,
414232,,78440,78421,
414233,,78440,78422,
414234,,78440,78423,
414235,,78440,78424,
414236,,78440,78425,
414237,,78440,78426,
414238,,78440,78427,
414239,,78440,78428,
414240,,78440,78429,
414241,,78440,78444,
414242,,78440,78446,
414243,,78440,78437,
414244,,78440,78436,
414245,,78440,78466,
414246,,78440,78435,
414247,,78440,78434,
414248,,78440,78433,
414249,,78440,78432,
414250,,78440,78431,
414251,,78440,78430,
414252,,78440,78447,
414253,,78440,78448,
414254,,78440,78449,
414255,,78440,78450,
414256,,78440,78451,
414257,,78440,78452,
414258,,78440,78453,
414259,,78440,78454,
414260,,78440,78455,
414261,,78440,78456,
414262,,78440,78440,
414263,,78440,78463,
414264,,78440,78464,
414265,,78440,78465,
414266,,78440,78438,
414267,,78440,78439,
414268,,78463,78467,
414269,,78463,78468,
414270,,78463,78470,
414271,,78463,78469,
414272,,78463,78445,
414273,,78463,78462,
414274,,78463,78461,
414275,,78463,78460,
414276,,78463,78459,
414277,,78463,78458,
414278,,78463,78457,
414279,,78463,78443,
414280,,78463,78442,
414281,,78463,78441,
414282,,78463,78421,
414283,,78463,78422,
414284,,78463,78423,
414285,,78463,78424,
414286,,78463,78425,
414287,,78463,78426,
414288,,78463,78427,
414289,,78463,78428,
414290,,78463,78429,
414291,,78463,78444,
414292,,78463,78446,
414293,,78463,78437,
414294,,78463,78436,
414295,,78463,78466,
414296,,78463,78435,
414297,,78463,78434,
414298,,78463,78433,
414299,,78463,78432,
414300,,78463,78431,
414301,,78463,78430,
414302,,78463,78447,
414303,,78463,78448,
414304,,78463,78449,
414305,,78463,78450,
414306,,78463,78451,
414307,,78463,78452,
414308,,78463,78453,
414309,,78463,78454,
414310,,78463,78455,
414311,,78463,78456,
414312,,78463,78440,
414313,,78463,78463,
414314,,78463,78464,
414315,,78463,78465,
414316,,78463,78438,
414317,,78463,78439,
414318,,78464,78467,
414319,,78464,78468,
414320,,78464,78470,
414321,,78464,78469,
414322,,78464,78445,
414323,,78464,78462,
414324,,78464,78461,
414325,,78464,78460,
414326,,78464,78459,
414327,,78464,78458,
414328,,78464,78457,
414329,,78464,78443,
414330,,78464,78442,
414331,,78464,78441,
414332,,78464,78421,
414333,,78464,78422,
414334,,78464,78423,
414335,,78464,78424,
414336,,78464,78425,
414337,,78464,78426,
414338,,78464,78427,
414339,,78464,78428,
414340,,78464,78429,
414341,,78464,78444,
414342,,78464,78446,
414343,,78464,78437,
414344,,78464,78436,
414345,,78464,78466,
414346,,78464,78435,
414347,,78464,78434,
414348,,78464,78433,
414349,,78464,78432,
414350,,78464,78431,
414351,,78464,78430,
414352,,78464,78447,
414353,,78464,78448,
414354,,78464,78449,
414355,,78464,78450,
414356,,78464,78451,
414357,,78464,78452,
414358,,78464,78453,
414359,,78464,78454,
414360,,78464,78455,
414361,,78464,78456,
414362,,78464,78440,
414363,,78464,78463,
414364,,78464,78464,
414365,,78464,78465,
414366,,78464,78438,
414367,,78464,78439,
414368,,78465,78467,
414369,,78465,78468,
414370,,78465,78470,
414371,,78465,78469,
414372,,78465,78445,
414373,,78465,78462,
414374,,78465,78461,
414375,,78465,78460,
414376,,78465,78459,
414377,,78465,78458,
414378,,78465,78457,
414379,,78465,78443,
414380,,78465,78442,
414381,,78465,78441,
414382,,78465,78421,
414383,,78465,78422,
414384,,78465,78423,
414385,,78465,78424,
414386,,78465,78425,
414387,,78465,78426,
414388,,78465,78427,
414389,,78465,78428,
414390,,78465,78429,
414391,,78465,78444,
414392,,78465,78446,
414393,,78465,78437,
414394,,78465,78436,
414395,,78465,78466,
414396,,78465,78435,
414397,,78465,78434,
414398,,78465,78433,
414399,,78465,78432,
414400,,78465,78431,
414401,,78465,78430,
414402,,78465,78447,
414403,,78465,78448,
414404,,78465,78449,
414405,,78465,78450,
414406,,78465,78451,
414407,,78465,78452,
414408,,78465,78453,
414409,,78465,78454,
414410,,78465,78455,
414411,,78465,78456,
414412,,78465,78440,
414413,,78465,78463,
414414,,78465,78464,
414415,,78465,78465,
414416,,78465,78438,
414417,,78465,78439,
414418,,78438,78467,
414419,,78438,78468,
414420,,78438,78470,
414421,,78438,78469,
414422,,78438,78445,
414423,,78438,78462,
414424,,78438,78461,
414425,,78438,78460,
414426,,78438,78459,
414427,,78438,78458,
414428,,78438,78457,
414429,,78438,78443,
414430,,78438,78442,
414431,,78438,78441,
414432,,78438,78421,
414433,,78438,78422,
414434,,78438,78423,
414435,,78438,78424,
414436,,78438,78425,
414437,,78438,78426,
414438,,78438,78427,
414439,,78438,78428,
414440,,78438,78429,
414441,,78438,78444,
414442,,78438,78446,
414443,,78438,78437,
414444,,78438,78436,
414445,,78438,78466,
414446,,78438,78435,
414447,,78438,78434,
414448,,78438,78433,
414449,,78438,78432,
414450,,78438,78431,
414451,,78438,78430,
414452,,78438,78447,
414453,,78438,78448,
414454,,78438,78449,
414455,,78438,78450,
414456,,78438,78451,
414457,,78438,78452,
414458,,78438,78453,
414459,,78438,78454,
414460,,78438,78455,
414461,,78438,78456,
414462,,78438,78440,
414463,,78438,78463,
414464,,78438,78464,
414465,,78438,78465,
414466,,78438,78438,
414467,,78438,78439,
414468,,78439,78467,
414469,,78439,78468,
414470,,78439,78470,
414471,,78439,78469,
414472,,78439,78445,
414473,,78439,78462,
414474,,78439,78461,
414475,,78439,78460,
414476,,78439,78459,
414477,,78439,78458,
414478,,78439,78457,
414479,,78439,78443,
414480,,78439,78442,
414481,,78439,78441,
414482,,78439,78421,
414483,,78439,78422,
414484,,78439,78423,
414485,,78439,78424,
414486,,78439,78425,
414487,,78439,78426,
414488,,78439,78427,
414489,,78439,78428,
414490,,78439,78429,
414491,,78439,78444,
414492,,78439,78446,
414493,,78439,78437,
414494,,78439,78436,
414495,,78439,78466,
414496,,78439,78435,
414497,,78439,78434,
414498,,78439,78433,
414499,,78439,78432,
414500,,78439,78431,
414501,,78439,78430,
414502,,78439,78447,
414503,,78439,78448,
414504,,78439,78449,
414505,,78439,78450,
414506,,78439,78451,
414507,,78439,78452,
414508,,78439,78453,
414509,,78439,78454,
414510,,78439,78455,
414511,,78439,78456,
414512,,78439,78440,
414513,,78439,78463,
414514,,78439,78464,
414515,,78439,78465,
414516,,78439,78438,
414517,,78439,78439,